1251 : (0,0)
1996 : (0,-1)
615 : (0,-2)
3952 : (0,-3)
623 : (0,-4)
64 : (0,-5)
929 : (0,-6)
1356 : (0,-7)
506 : (0,-8)
363 : (0,-9)
1069 : (0,-10)
2215 : (0,-11)
2570 : (0,-12)
358 : (0,-13)
1770 : (0,-14)
3360 : (0,-15)
1371 : (0,-16)
3558 : (0,-17)
1541 : (0,-18)
34 : (0,-19)
1051 : (0,-20)
3957 : (0,-21)
1434 : (0,-22)
3732 : (0,-23)
1296 : (0,-24)
1710 : (0,-25)
607 : (0,-26)
182 : (0,-27)
3238 : (0,-28)
242 : (0,-29)
375 : (0,-30)
2601 : (0,-31)
3317 : (0,-32)
2994 : (0,-33)
2855 : (0,-34)
3261 : (0,-35)
245 : (0,-36)
1146 : (0,-37)
717 : (0,-38)
1935 : (0,-39)
2671 : (0,-40)
35 : (0,-41)
3048 : (0,-42)
2406 : (0,-43)
1717 : (0,-44)
2562 : (0,-45)
2191 : (0,-46)
3942 : (0,-47)
2336 : (0,-48)
2335 : (0,-49)
260 : (0,-50)
293 : (0,-51)
38 : (0,-52)
2880 : (0,-53)
3175 : (0,-54)
2319 : (0,-55)
3848 : (0,-56)
1532 : (0,-57)
1472 : (0,-58)
1377 : (0,-59)
3191 : (0,-60)
1473 : (0,-61)
3547 : (0,-62)
327 : (1,-62)
2667 : (1,-61)
1988 : (1,-60)
2770 : (1,-59)
1082 : (1,-58)
771 : (1,-57)
913 : (1,-56)
3905 : (1,-55)
2924 : (1,-54)
852 : (1,-53)
117 : (1,-52)
3642 : (1,-51)
3720 : (1,-50)
2435 : (1,-49)
3250 : (1,-48)
588 : (1,-47)
1920 : (1,-46)
1823 : (1,-45)
1294 : (1,-44)
1287 : (1,-43)
270 : (1,-42)
3568 : (1,-41)
357 : (1,-40)
601 : (1,-39)
2741 : (1,-38)
1686 : (1,-37)
1875 : (1,-36)
3580 : (1,-35)
3617 : (1,-34)
3305 : (1,-33)
1275 : (1,-32)
3742 : (1,-31)
3955 : (1,-30)
3171 : (1,-29)
3699 : (1,-28)
2834 : (1,-27)
985 : (1,-26)
2314 : (1,-25)
2442 : (1,-24)
1921 : (1,-23)
2363 : (1,-22)
3457 : (1,-21)
382 : (1,-20)
3436 : (1,-19)
3414 : (1,-18)
1321 : (1,-17)
272 : (1,-16)
362 : (1,-15)
2556 : (1,-14)
3566 : (1,-13)
2494 : (1,-12)
3562 : (1,-11)
1271 : (1,-10)
1420 : (1,-9)
3510 : (1,-8)
2337 : (1,-7)
459 : (1,-6)
406 : (1,-5)
3549 : (1,-4)
2793 : (1,-3)
2642 : (1,-2)
2021 : (1,-1)
2104 : (1,0)
2265 : (2,0)
816 : (2,-1)
62 : (2,-2)
3214 : (2,-3)
1456 : (2,-4)
3479 : (2,-5)
92 : (2,-6)
1110 : (2,-7)
16 : (2,-8)
3964 : (2,-9)
3570 : (2,-10)
2962 : (2,-11)
2041 : (2,-12)
2171 : (2,-13)
2625 : (2,-14)
2701 : (2,-15)
3099 : (2,-16)
1246 : (2,-17)
4 : (2,-18)
3537 : (2,-19)
1671 : (2,-20)
788 : (2,-21)
2510 : (2,-22)
3786 : (2,-23)
2555 : (2,-24)
3067 : (2,-25)
3319 : (2,-26)
858 : (2,-27)
758 : (2,-28)
2221 : (2,-29)
722 : (2,-30)
2460 : (2,-31)
3502 : (2,-32)
718 : (2,-33)
2293 : (2,-34)
3669 : (2,-35)
3244 : (2,-36)
1841 : (2,-37)
1482 : (2,-38)
2622 : (2,-39)
1334 : (2,-40)
1374 : (2,-41)
1167 : (2,-42)
2908 : (2,-43)
1774 : (2,-44)
3682 : (2,-45)
1773 : (2,-46)
261 : (2,-47)
1364 : (2,-48)
936 : (2,-49)
919 : (2,-50)
1621 : (2,-51)
2050 : (2,-52)
1042 : (2,-53)
1026 : (2,-54)
2247 : (2,-55)
2143 : (2,-56)
292 : (2,-57)
3310 : (2,-58)
1520 : (2,-59)
2832 : (2,-60)
3715 : (2,-61)
3161 : (2,-62)
430 : (3,-62)
419 : (3,-61)
47 : (3,-60)
538 : (3,-59)
3849 : (3,-58)
3877 : (3,-57)
1806 : (3,-56)
696 : (3,-55)
630 : (3,-54)
3425 : (3,-53)
2808 : (3,-52)
1449 : (3,-51)
2266 : (3,-50)
2912 : (3,-49)
174 : (3,-48)
509 : (3,-47)
878 : (3,-46)
2008 : (3,-45)
3559 : (3,-44)
2271 : (3,-43)
2698 : (3,-42)
1772 : (3,-41)
2087 : (3,-40)
512 : (3,-39)
3651 : (3,-38)
953 : (3,-37)
2283 : (3,-36)
76 : (3,-35)
804 : (3,-34)
3757 : (3,-33)
2433 : (3,-32)
3447 : (3,-31)
1250 : (3,-30)
2026 : (3,-29)
433 : (3,-28)
2515 : (3,-27)
1369 : (3,-26)
2321 : (3,-25)
32 : (3,-24)
2223 : (3,-23)
2378 : (3,-22)
1559 : (3,-21)
478 : (3,-20)
3789 : (3,-19)
3482 : (3,-18)
1393 : (3,-17)
2133 : (3,-16)
3464 : (3,-15)
3050 : (3,-14)
1641 : (3,-13)
1218 : (3,-12)
2206 : (3,-11)
1821 : (3,-10)
594 : (3,-9)
3232 : (3,-8)
3677 : (3,-7)
2199 : (3,-6)
815 : (3,-5)
785 : (3,-4)
1647 : (3,-3)
1187 : (3,-2)
1977 : (3,-1)
3112 : (3,0)
200 : (4,0)
1507 : (4,-1)
474 : (4,-2)
2959 : (4,-3)
201 : (4,-4)
31 : (4,-5)
3822 : (4,-6)
2232 : (4,-7)
3034 : (4,-8)
299 : (4,-9)
613 : (4,-10)
3790 : (4,-11)
1414 : (4,-12)
757 : (4,-13)
552 : (4,-14)
1330 : (4,-15)
2742 : (4,-16)
1974 : (4,-17)
2011 : (4,-18)
2781 : (4,-19)
1038 : (4,-20)
701 : (4,-21)
2660 : (4,-22)
867 : (4,-23)
3838 : (4,-24)
23 : (4,-25)
925 : (4,-26)
2403 : (4,-27)
537 : (4,-28)
3430 : (4,-29)
3001 : (4,-30)
1342 : (4,-31)
2443 : (4,-32)
3674 : (4,-33)
2270 : (4,-34)
1971 : (4,-35)
2975 : (4,-36)
3835 : (4,-37)
3513 : (4,-38)
3276 : (4,-39)
2818 : (4,-40)
899 : (4,-41)
1826 : (4,-42)
417 : (4,-43)
1115 : (4,-44)
2236 : (4,-45)
2160 : (4,-46)
163 : (4,-47)
2744 : (4,-48)
1310 : (4,-49)
930 : (4,-50)
687 : (4,-51)
3804 : (4,-52)
161 : (4,-53)
515 : (4,-54)
3018 : (4,-55)
2358 : (4,-56)
543 : (4,-57)
1624 : (4,-58)
2715 : (4,-59)
3306 : (4,-60)
2029 : (4,-61)
59 : (4,-62)
3081 : (5,-62)
2071 : (5,-61)
2181 : (5,-60)
3583 : (5,-59)
2890 : (5,-58)
1001 : (5,-57)
2711 : (5,-56)
3217 : (5,-55)
2999 : (5,-54)
851 : (5,-53)
705 : (5,-52)
3241 : (5,-51)
2297 : (5,-50)
2006 : (5,-49)
1680 : (5,-48)
2310 : (5,-47)
3702 : (5,-46)
3070 : (5,-45)
2904 : (5,-44)
3234 : (5,-43)
1119 : (5,-42)
2205 : (5,-41)
707 : (5,-40)
1359 : (5,-39)
3671 : (5,-38)
1930 : (5,-37)
563 : (5,-36)
1435 : (5,-35)
321 : (5,-34)
3132 : (5,-33)
2467 : (5,-32)
1481 : (5,-31)
1746 : (5,-30)
1887 : (5,-29)
3843 : (5,-28)
3225 : (5,-27)
442 : (5,-26)
1626 : (5,-25)
1192 : (5,-24)
1066 : (5,-23)
3647 : (5,-22)
3968 : (5,-21)
1947 : (5,-20)
2724 : (5,-19)
441 : (5,-18)
3440 : (5,-17)
2953 : (5,-16)
3058 : (5,-15)
3273 : (5,-14)
3178 : (5,-13)
2773 : (5,-12)
3626 : (5,-11)
2595 : (5,-10)
1019 : (5,-9)
511 : (5,-8)
3444 : (5,-7)
3593 : (5,-6)
3824 : (5,-5)
2462 : (5,-4)
2805 : (5,-3)
1701 : (5,-2)
483 : (5,-1)
891 : (5,0)
633 : (6,0)
1350 : (6,-1)
3604 : (6,-2)
2426 : (6,-3)
160 : (6,-4)
3466 : (6,-5)
2169 : (6,-6)
1665 : (6,-7)
2311 : (6,-8)
1421 : (6,-9)
1743 : (6,-10)
1291 : (6,-11)
2618 : (6,-12)
1697 : (6,-13)
2600 : (6,-14)
1160 : (6,-15)
961 : (6,-16)
751 : (6,-17)
2048 : (6,-18)
1469 : (6,-19)
2520 : (6,-20)
3102 : (6,-21)
2186 : (6,-22)
1009 : (6,-23)
1966 : (6,-24)
3402 : (6,-25)
2207 : (6,-26)
2931 : (6,-27)
799 : (6,-28)
904 : (6,-29)
216 : (6,-30)
548 : (6,-31)
495 : (6,-32)
2264 : (6,-33)
533 : (6,-34)
575 : (6,-35)
897 : (6,-36)
1791 : (6,-37)
1184 : (6,-38)
2309 : (6,-39)
689 : (6,-40)
98 : (6,-41)
157 : (6,-42)
1548 : (6,-43)
3890 : (6,-44)
1265 : (6,-45)
3418 : (6,-46)
1302 : (6,-47)
1366 : (6,-48)
493 : (6,-49)
2749 : (6,-50)
1784 : (6,-51)
1563 : (6,-52)
740 : (6,-53)
703 : (6,-54)
1211 : (6,-55)
714 : (6,-56)
1811 : (6,-57)
3353 : (6,-58)
1946 : (6,-59)
1987 : (6,-60)
2481 : (6,-61)
1600 : (6,-62)
3043 : (7,-62)
546 : (7,-61)
1643 : (7,-60)
1631 : (7,-59)
421 : (7,-58)
787 : (7,-57)
2780 : (7,-56)
566 : (7,-55)
258 : (7,-54)
485 : (7,-53)
346 : (7,-52)
2723 : (7,-51)
1149 : (7,-50)
1386 : (7,-49)
2364 : (7,-48)
2151 : (7,-47)
3861 : (7,-46)
3262 : (7,-45)
3041 : (7,-44)
3738 : (7,-43)
139 : (7,-42)
2960 : (7,-41)
828 : (7,-40)
2823 : (7,-39)
3182 : (7,-38)
1351 : (7,-37)
1253 : (7,-36)
162 : (7,-35)
1131 : (7,-34)
2958 : (7,-33)
2379 : (7,-32)
1769 : (7,-31)
3718 : (7,-30)
3620 : (7,-29)
1221 : (7,-28)
719 : (7,-27)
3220 : (7,-26)
1574 : (7,-25)
2974 : (7,-24)
3336 : (7,-23)
660 : (7,-22)
2509 : (7,-21)
2884 : (7,-20)
144 : (7,-19)
801 : (7,-18)
800 : (7,-17)
2928 : (7,-16)
825 : (7,-15)
2857 : (7,-14)
2889 : (7,-13)
1983 : (7,-12)
1058 : (7,-11)
2179 : (7,-10)
1289 : (7,-9)
2766 : (7,-8)
3864 : (7,-7)
3145 : (7,-6)
2636 : (7,-5)
3131 : (7,-4)
727 : (7,-3)
1926 : (7,-2)
123 : (7,-1)
1395 : (7,0)
3165 : (8,0)
700 : (8,-1)
2419 : (8,-2)
2211 : (8,-3)
3735 : (8,-4)
184 : (8,-5)
2244 : (8,-6)
2664 : (8,-7)
3439 : (8,-8)
1312 : (8,-9)
3322 : (8,-10)
1861 : (8,-11)
2259 : (8,-12)
1964 : (8,-13)
826 : (8,-14)
3524 : (8,-15)
574 : (8,-16)
250 : (8,-17)
3717 : (8,-18)
1178 : (8,-19)
2862 : (8,-20)
3557 : (8,-21)
1229 : (8,-22)
480 : (8,-23)
679 : (8,-24)
857 : (8,-25)
1445 : (8,-26)
3548 : (8,-27)
2327 : (8,-28)
3847 : (8,-29)
1388 : (8,-30)
3135 : (8,-31)
1874 : (8,-32)
479 : (8,-33)
1876 : (8,-34)
3361 : (8,-35)
702 : (8,-36)
3941 : (8,-37)
1171 : (8,-38)
3470 : (8,-39)
2988 : (8,-40)
3198 : (8,-41)
1609 : (8,-42)
2550 : (8,-43)
885 : (8,-44)
776 : (8,-45)
1161 : (8,-46)
2513 : (8,-47)
3641 : (8,-48)
1225 : (8,-49)
2393 : (8,-50)
3495 : (8,-51)
1528 : (8,-52)
1994 : (8,-53)
710 : (8,-54)
1723 : (8,-55)
167 : (8,-56)
726 : (8,-57)
3630 : (8,-58)
1867 : (8,-59)
3179 : (8,-60)
1424 : (8,-61)
2500 : (8,-62)
618 : (9,-62)
3752 : (9,-61)
3737 : (9,-60)
3438 : (9,-59)
2716 : (9,-58)
1052 : (9,-57)
540 : (9,-56)
3312 : (9,-55)
1540 : (9,-54)
1798 : (9,-53)
1783 : (9,-52)
1303 : (9,-51)
3867 : (9,-50)
709 : (9,-49)
81 : (9,-48)
2801 : (9,-47)
3731 : (9,-46)
2786 : (9,-45)
2420 : (9,-44)
3441 : (9,-43)
3421 : (9,-42)
1909 : (9,-41)
1835 : (9,-40)
2734 : (9,-39)
3267 : (9,-38)
262 : (9,-37)
3730 : (9,-36)
3334 : (9,-35)
24 : (9,-34)
2200 : (9,-33)
1809 : (9,-32)
2012 : (9,-31)
1144 : (9,-30)
1301 : (9,-29)
1155 : (9,-28)
2342 : (9,-27)
206 : (9,-26)
3631 : (9,-25)
3254 : (9,-24)
2330 : (9,-23)
978 : (9,-22)
1228 : (9,-21)
1829 : (9,-20)
1365 : (9,-19)
2459 : (9,-18)
2229 : (9,-17)
2273 : (9,-16)
2180 : (9,-15)
3873 : (9,-14)
681 : (9,-13)
646 : (9,-12)
68 : (9,-11)
3780 : (9,-10)
2095 : (9,-9)
760 : (9,-8)
3505 : (9,-7)
1969 : (9,-6)
3863 : (9,-5)
2616 : (9,-4)
1865 : (9,-3)
1245 : (9,-2)
682 : (9,-1)
20 : (9,0)
119 : (10,0)
69 : (10,-1)
2682 : (10,-2)
3277 : (10,-3)
3657 : (10,-4)
3853 : (10,-5)
75 : (10,-6)
2046 : (10,-7)
2235 : (10,-8)
1005 : (10,-9)
733 : (10,-10)
3201 : (10,-11)
2428 : (10,-12)
1273 : (10,-13)
1928 : (10,-14)
213 : (10,-15)
2220 : (10,-16)
1954 : (10,-17)
1596 : (10,-18)
664 : (10,-19)
3327 : (10,-20)
2140 : (10,-21)
834 : (10,-22)
247 : (10,-23)
368 : (10,-24)
2325 : (10,-25)
3192 : (10,-26)
2680 : (10,-27)
1831 : (10,-28)
2245 : (10,-29)
2775 : (10,-30)
3834 : (10,-31)
2073 : (10,-32)
2117 : (10,-33)
1748 : (10,-34)
577 : (10,-35)
494 : (10,-36)
2119 : (10,-37)
915 : (10,-38)
1818 : (10,-39)
1567 : (10,-40)
1239 : (10,-41)
2263 : (10,-42)
1726 : (10,-43)
1419 : (10,-44)
296 : (10,-45)
19 : (10,-46)
337 : (10,-47)
2088 : (10,-48)
2903 : (10,-49)
2878 : (10,-50)
1603 : (10,-51)
467 : (10,-52)
122 : (10,-53)
1162 : (10,-54)
1513 : (10,-55)
2417 : (10,-56)
2767 : (10,-57)
551 : (10,-58)
1320 : (10,-59)
3134 : (10,-60)
1561 : (10,-61)
1033 : (10,-62)
2810 : (11,-62)
2717 : (11,-61)
1084 : (11,-60)
2751 : (11,-59)
3354 : (11,-58)
3413 : (11,-57)
3419 : (11,-56)
3492 : (11,-55)
1285 : (11,-54)
2107 : (11,-53)
3810 : (11,-52)
1858 : (11,-51)
2511 : (11,-50)
1916 : (11,-49)
2317 : (11,-48)
568 : (11,-47)
1297 : (11,-46)
1961 : (11,-45)
505 : (11,-44)
778 : (11,-43)
2196 : (11,-42)
1645 : (11,-41)
3108 : (11,-40)
233 : (11,-39)
2395 : (11,-38)
1101 : (11,-37)
954 : (11,-36)
400 : (11,-35)
1039 : (11,-34)
931 : (11,-33)
1212 : (11,-32)
3640 : (11,-31)
2123 : (11,-30)
3842 : (11,-29)
2253 : (11,-28)
3751 : (11,-27)
916 : (11,-26)
3461 : (11,-25)
688 : (11,-24)
1483 : (11,-23)
2010 : (11,-22)
385 : (11,-21)
1620 : (11,-20)
116 : (11,-19)
1758 : (11,-18)
922 : (11,-17)
945 : (11,-16)
3880 : (11,-15)
1459 : (11,-14)
2704 : (11,-13)
935 : (11,-12)
3527 : (11,-11)
2972 : (11,-10)
3846 : (11,-9)
513 : (11,-8)
1917 : (11,-7)
2477 : (11,-6)
2619 : (11,-5)
3675 : (11,-4)
2813 : (11,-3)
1403 : (11,-2)
806 : (11,-1)
3396 : (11,0)
2129 : (12,0)
2795 : (12,-1)
530 : (12,-2)
2920 : (12,-3)
947 : (12,-4)
979 : (12,-5)
112 : (12,-6)
3416 : (12,-7)
3476 : (12,-8)
2434 : (12,-9)
3753 : (12,-10)
2608 : (12,-11)
3572 : (12,-12)
1990 : (12,-13)
3114 : (12,-14)
1137 : (12,-15)
2558 : (12,-16)
3553 : (12,-17)
3584 : (12,-18)
1349 : (12,-19)
1523 : (12,-20)
226 : (12,-21)
1284 : (12,-22)
3766 : (12,-23)
159 : (12,-24)
1534 : (12,-25)
2586 : (12,-26)
3268 : (12,-27)
1907 : (12,-28)
371 : (12,-29)
1517 : (12,-30)
2568 : (12,-31)
332 : (12,-32)
1463 : (12,-33)
3256 : (12,-34)
2755 : (12,-35)
175 : (12,-36)
1431 : (12,-37)
183 : (12,-38)
2888 : (12,-39)
2982 : (12,-40)
3907 : (12,-41)
3940 : (12,-42)
1003 : (12,-43)
2316 : (12,-44)
1329 : (12,-45)
2351 : (12,-46)
2530 : (12,-47)
308 : (12,-48)
387 : (12,-49)
3274 : (12,-50)
526 : (12,-51)
2621 : (12,-52)
3247 : (12,-53)
1249 : (12,-54)
1485 : (12,-55)
1918 : (12,-56)
3963 : (12,-57)
3052 : (12,-58)
1656 : (12,-59)
3532 : (12,-60)
752 : (12,-61)
2792 : (12,-62)
680 : (13,-62)
3330 : (13,-61)
37 : (13,-60)
1157 : (13,-59)
2917 : (13,-58)
3560 : (13,-57)
724 : (13,-56)
3115 : (13,-55)
2391 : (13,-54)
1201 : (13,-53)
3260 : (13,-52)
28 : (13,-51)
3196 : (13,-50)
2111 : (13,-49)
2371 : (13,-48)
3507 : (13,-47)
1415 : (13,-46)
496 : (13,-45)
3828 : (13,-44)
3499 : (13,-43)
2084 : (13,-42)
1307 : (13,-41)
2918 : (13,-40)
2486 : (13,-39)
3909 : (13,-38)
2355 : (13,-37)
1820 : (13,-36)
1447 : (13,-35)
637 : (13,-34)
803 : (13,-33)
2257 : (13,-32)
1682 : (13,-31)
3876 : (13,-30)
1223 : (13,-29)
944 : (13,-28)
1884 : (13,-27)
3645 : (13,-26)
86 : (13,-25)
504 : (13,-24)
1015 : (13,-23)
3313 : (13,-22)
2983 : (13,-21)
2874 : (13,-20)
2274 : (13,-19)
388 : (13,-18)
1737 : (13,-17)
3106 : (13,-16)
3289 : (13,-15)
74 : (13,-14)
1606 : (13,-13)
3904 : (13,-12)
1850 : (13,-11)
219 : (13,-10)
958 : (13,-9)
2540 : (13,-8)
1569 : (13,-7)
2968 : (13,-6)
2881 : (13,-5)
60 : (13,-4)
2260 : (13,-3)
452 : (13,-2)
3019 : (13,-1)
445 : (13,0)
2003 : (14,0)
2194 : (14,-1)
22 : (14,-2)
129 : (14,-3)
532 : (14,-4)
2576 : (14,-5)
2377 : (14,-6)
3747 : (14,-7)
3000 : (14,-8)
2501 : (14,-9)
3195 : (14,-10)
13 : (14,-11)
2057 : (14,-12)
863 : (14,-13)
3077 : (14,-14)
3022 : (14,-15)
3098 : (14,-16)
2176 : (14,-17)
683 : (14,-18)
1771 : (14,-19)
3831 : (14,-20)
2145 : (14,-21)
2421 : (14,-22)
3758 : (14,-23)
2747 : (14,-24)
422 : (14,-25)
2623 : (14,-26)
2678 : (14,-27)
2964 : (14,-28)
2137 : (14,-29)
324 : (14,-30)
3865 : (14,-31)
3656 : (14,-32)
2665 : (14,-33)
782 : (14,-34)
3149 : (14,-35)
2286 : (14,-36)
3369 : (14,-37)
3005 : (14,-38)
1729 : (14,-39)
950 : (14,-40)
2373 : (14,-41)
1936 : (14,-42)
2389 : (14,-43)
2663 : (14,-44)
2234 : (14,-45)
2447 : (14,-46)
992 : (14,-47)
1423 : (14,-48)
1885 : (14,-49)
1893 : (14,-50)
8 : (14,-51)
3595 : (14,-52)
3139 : (14,-53)
770 : (14,-54)
3851 : (14,-55)
2353 : (14,-56)
472 : (14,-57)
1204 : (14,-58)
3076 : (14,-59)
3546 : (14,-60)
2224 : (14,-61)
2961 : (14,-62)
3820 : (15,-62)
3937 : (15,-61)
3032 : (15,-60)
1325 : (15,-59)
1362 : (15,-58)
2299 : (15,-57)
1 : (15,-56)
359 : (15,-55)
2148 : (15,-54)
350 : (15,-53)
3060 : (15,-52)
2354 : (15,-51)
1623 : (15,-50)
3827 : (15,-49)
1475 : (15,-48)
1008 : (15,-47)
1919 : (15,-46)
1319 : (15,-45)
972 : (15,-44)
3249 : (15,-43)
1199 : (15,-42)
3591 : (15,-41)
2709 : (15,-40)
3170 : (15,-39)
300 : (15,-38)
2804 : (15,-37)
2856 : (15,-36)
2413 : (15,-35)
3109 : (15,-34)
1467 : (15,-33)
304 : (15,-32)
1923 : (15,-31)
2626 : (15,-30)
655 : (15,-29)
1531 : (15,-28)
2193 : (15,-27)
2483 : (15,-26)
2152 : (15,-25)
2721 : (15,-24)
3474 : (15,-23)
1886 : (15,-22)
541 : (15,-21)
1543 : (15,-20)
1100 : (15,-19)
2554 : (15,-18)
3216 : (15,-17)
2064 : (15,-16)
1598 : (15,-15)
2102 : (15,-14)
1852 : (15,-13)
3073 : (15,-12)
3035 : (15,-11)
454 : (15,-10)
408 : (15,-9)
1426 : (15,-8)
2639 : (15,-7)
2019 : (15,-6)
1707 : (15,-5)
1375 : (15,-4)
2649 : (15,-3)
2240 : (15,-2)
3582 : (15,-1)
2785 : (15,0)
1866 : (16,0)
230 : (16,-1)
3540 : (16,-2)
3265 : (16,-3)
3008 : (16,-4)
721 : (16,-5)
3315 : (16,-6)
1429 : (16,-7)
597 : (16,-8)
1127 : (16,-9)
2825 : (16,-10)
1878 : (16,-11)
584 : (16,-12)
1031 : (16,-13)
1673 : (16,-14)
1322 : (16,-15)
15 : (16,-16)
1133 : (16,-17)
508 : (16,-18)
3094 : (16,-19)
412 : (16,-20)
3079 : (16,-21)
1803 : (16,-22)
3489 : (16,-23)
46 : (16,-24)
1618 : (16,-25)
2645 : (16,-26)
2896 : (16,-27)
3859 : (16,-28)
328 : (16,-29)
207 : (16,-30)
3614 : (16,-31)
3578 : (16,-32)
221 : (16,-33)
3806 : (16,-34)
1846 : (16,-35)
1555 : (16,-36)
1986 : (16,-37)
1592 : (16,-38)
198 : (16,-39)
3400 : (16,-40)
1781 : (16,-41)
53 : (16,-42)
3879 : (16,-43)
2779 : (16,-44)
2175 : (16,-45)
737 : (16,-46)
2681 : (16,-47)
918 : (16,-48)
3793 : (16,-49)
2950 : (16,-50)
3638 : (16,-51)
243 : (16,-52)
3575 : (16,-53)
648 : (16,-54)
1097 : (16,-55)
946 : (16,-56)
1080 : (16,-57)
3423 : (16,-58)
1450 : (16,-59)
2279 : (16,-60)
1906 : (16,-61)
1035 : (16,-62)
284 : (17,-62)
3574 : (17,-61)
734 : (17,-60)
2690 : (17,-59)
3454 : (17,-58)
2702 : (17,-57)
3498 : (17,-56)
3954 : (17,-55)
3473 : (17,-54)
3811 : (17,-53)
2922 : (17,-52)
1622 : (17,-51)
2783 : (17,-50)
3769 : (17,-49)
2986 : (17,-48)
2652 : (17,-47)
2063 : (17,-46)
3759 : (17,-45)
3544 : (17,-44)
2996 : (17,-43)
2225 : (17,-42)
2916 : (17,-41)
3687 : (17,-40)
105 : (17,-39)
1759 : (17,-38)
1461 : (17,-37)
113 : (17,-36)
1094 : (17,-35)
3935 : (17,-34)
1721 : (17,-33)
322 : (17,-32)
1904 : (17,-31)
898 : (17,-30)
1715 : (17,-29)
731 : (17,-28)
291 : (17,-27)
2536 : (17,-26)
3278 : (17,-25)
625 : (17,-24)
1687 : (17,-23)
95 : (17,-22)
996 : (17,-21)
3612 : (17,-20)
383 : (17,-19)
2610 : (17,-18)
1181 : (17,-17)
2688 : (17,-16)
2935 : (17,-15)
1779 : (17,-14)
3802 : (17,-13)
3366 : (17,-12)
3203 : (17,-11)
746 : (17,-10)
2848 : (17,-9)
2629 : (17,-8)
1951 : (17,-7)
3541 : (17,-6)
764 : (17,-5)
1972 : (17,-4)
257 : (17,-3)
1077 : (17,-2)
3501 : (17,-1)
995 : (17,0)
3339 : (18,0)
3934 : (18,-1)
767 : (18,-2)
990 : (18,-3)
3088 : (18,-4)
2038 : (18,-5)
2507 : (18,-6)
1432 : (18,-7)
434 : (18,-8)
2729 : (18,-9)
1316 : (18,-10)
2828 : (18,-11)
1258 : (18,-12)
2473 : (18,-13)
1672 : (18,-14)
3712 : (18,-15)
966 : (18,-16)
1938 : (18,-17)
1428 : (18,-18)
2284 : (18,-19)
3103 : (18,-20)
195 : (18,-21)
1367 : (18,-22)
3945 : (18,-23)
2392 : (18,-24)
29 : (18,-25)
1093 : (18,-26)
850 : (18,-27)
3914 : (18,-28)
3026 : (18,-29)
1709 : (18,-30)
1780 : (18,-31)
3047 : (18,-32)
1278 : (18,-33)
498 : (18,-34)
3085 : (18,-35)
769 : (18,-36)
1491 : (18,-37)
3246 : (18,-38)
3240 : (18,-39)
3151 : (18,-40)
2004 : (18,-41)
2093 : (18,-42)
2439 : (18,-43)
3721 : (18,-44)
158 : (18,-45)
294 : (18,-46)
1079 : (18,-47)
409 : (18,-48)
1468 : (18,-49)
2386 : (18,-50)
2835 : (18,-51)
1684 : (18,-52)
1024 : (18,-53)
1765 : (18,-54)
1785 : (18,-55)
3011 : (18,-56)
342 : (18,-57)
715 : (18,-58)
2103 : (18,-59)
3224 : (18,-60)
2298 : (18,-61)
2673 : (18,-62)
882 : (19,-62)
514 : (19,-61)
3009 : (19,-60)
2897 : (19,-59)
3497 : (19,-58)
987 : (19,-57)
2466 : (19,-56)
3807 : (19,-55)
2585 : (19,-54)
3517 : (19,-53)
3888 : (19,-52)
3791 : (19,-51)
1282 : (19,-50)
1638 : (19,-49)
2075 : (19,-48)
1901 : (19,-47)
2696 : (19,-46)
3155 : (19,-45)
2732 : (19,-44)
3901 : (19,-43)
180 : (19,-42)
461 : (19,-41)
868 : (19,-40)
1186 : (19,-39)
1912 : (19,-38)
3044 : (19,-37)
587 : (19,-36)
3587 : (19,-35)
2561 : (19,-34)
2764 : (19,-33)
1256 : (19,-32)
2605 : (19,-31)
522 : (19,-30)
2942 : (19,-29)
1632 : (19,-28)
1562 : (19,-27)
2396 : (19,-26)
3055 : (19,-25)
2697 : (19,-24)
1488 : (19,-23)
2118 : (19,-22)
3377 : (19,-21)
720 : (19,-20)
2946 : (19,-19)
2984 : (19,-18)
2521 : (19,-17)
297 : (19,-16)
380 : (19,-15)
2394 : (19,-14)
2523 : (19,-13)
2306 : (19,-12)
1354 : (19,-11)
1197 : (19,-10)
2689 : (19,-9)
2108 : (19,-8)
2436 : (19,-7)
957 : (19,-6)
1235 : (19,-5)
405 : (19,-4)
2256 : (19,-3)
2815 : (19,-2)
1612 : (19,-1)
3412 : (19,0)
3573 : (20,0)
693 : (20,-1)
1692 : (20,-2)
3056 : (20,-3)
2864 : (20,-4)
2952 : (20,-5)
2061 : (20,-6)
3552 : (20,-7)
3950 : (20,-8)
1814 : (20,-9)
1768 : (20,-10)
2807 : (20,-11)
2647 : (20,-12)
1252 : (20,-13)
866 : (20,-14)
783 : (20,-15)
2693 : (20,-16)
2845 : (20,-17)
1844 : (20,-18)
534 : (20,-19)
3219 : (20,-20)
2083 : (20,-21)
2374 : (20,-22)
1509 : (20,-23)
401 : (20,-24)
2411 : (20,-25)
1443 : (20,-26)
2539 : (20,-27)
3685 : (20,-28)
1705 : (20,-29)
3204 : (20,-30)
864 : (20,-31)
264 : (20,-32)
1293 : (20,-33)
1480 : (20,-34)
2454 : (20,-35)
1034 : (20,-36)
2168 : (20,-37)
1309 : (20,-38)
225 : (20,-39)
3257 : (20,-40)
1134 : (20,-41)
1361 : (20,-42)
2303 : (20,-43)
3197 : (20,-44)
3097 : (20,-45)
1408 : (20,-46)
662 : (20,-47)
559 : (20,-48)
3637 : (20,-49)
3433 : (20,-50)
381 : (20,-51)
1790 : (20,-52)
1764 : (20,-53)
1676 : (20,-54)
3033 : (20,-55)
3814 : (20,-56)
2400 : (20,-57)
55 : (20,-58)
2708 : (20,-59)
3900 : (20,-60)
626 : (20,-61)
2384 : (20,-62)
2545 : (21,-62)
269 : (21,-61)
649 : (21,-60)
2138 : (21,-59)
3435 : (21,-58)
2461 : (21,-57)
928 : (21,-56)
853 : (21,-55)
3621 : (21,-54)
2655 : (21,-53)
1121 : (21,-52)
1006 : (21,-51)
3078 : (21,-50)
3061 : (21,-49)
1636 : (21,-48)
1535 : (21,-47)
237 : (21,-46)
1492 : (21,-45)
1984 : (21,-44)
334 : (21,-43)
3346 : (21,-42)
3428 : (21,-41)
1348 : (21,-40)
820 : (21,-39)
2993 : (21,-38)
3634 : (21,-37)
1147 : (21,-36)
2987 : (21,-35)
1775 : (21,-34)
3956 : (21,-33)
1851 : (21,-32)
1378 : (21,-31)
234 : (21,-30)
964 : (21,-29)
3123 : (21,-28)
902 : (21,-27)
3551 : (21,-26)
1571 : (21,-25)
569 : (21,-24)
3694 : (21,-23)
2043 : (21,-22)
166 : (21,-21)
65 : (21,-20)
1383 : (21,-19)
2868 : (21,-18)
3226 : (21,-17)
1691 : (21,-16)
3628 : (21,-15)
191 : (21,-14)
374 : (21,-13)
1703 : (21,-12)
3600 : (21,-11)
3002 : (21,-10)
1558 : (21,-9)
2577 : (21,-8)
3649 : (21,-7)
698 : (21,-6)
895 : (21,-5)
3875 : (21,-4)
2047 : (21,-3)
2291 : (21,-2)
888 : (21,-1)
1281 : (21,0)
1158 : (22,0)
402 : (22,-1)
3733 : (22,-2)
3845 : (22,-3)
33 : (22,-4)
3359 : (22,-5)
1085 : (22,-6)
2951 : (22,-7)
2125 : (22,-8)
1231 : (22,-9)
639 : (22,-10)
3579 : (22,-11)
1358 : (22,-12)
1484 : (22,-13)
2895 : (22,-14)
3259 : (22,-15)
2965 : (22,-16)
3075 : (22,-17)
1599 : (22,-18)
3142 : (22,-19)
1170 : (22,-20)
3290 : (22,-21)
3331 : (22,-22)
590 : (22,-23)
2939 : (22,-24)
108 : (22,-25)
1719 : (22,-26)
2898 : (22,-27)
3803 : (22,-28)
283 : (22,-29)
325 : (22,-30)
1474 : (22,-31)
3027 : (22,-32)
665 : (22,-33)
2398 : (22,-34)
3382 : (22,-35)
2763 : (22,-36)
1795 : (22,-37)
3668 : (22,-38)
3434 : (22,-39)
2859 : (22,-40)
3188 : (22,-41)
3928 : (22,-42)
1877 : (22,-43)
2909 : (22,-44)
1244 : (22,-45)
2219 : (22,-46)
621 : (22,-47)
109 : (22,-48)
3611 : (22,-49)
2532 : (22,-50)
986 : (22,-51)
3589 : (22,-52)
125 : (22,-53)
2077 : (22,-54)
2177 : (22,-55)
3230 : (22,-56)
1224 : (22,-57)
876 : (22,-58)
3028 : (22,-59)
2542 : (22,-60)
2448 : (22,-61)
2491 : (22,-62)
3726 : (23,-62)
1862 : (23,-61)
223 : (23,-60)
870 : (23,-59)
2902 : (23,-58)
875 : (23,-57)
3538 : (23,-56)
669 : (23,-55)
3506 : (23,-54)
2098 : (23,-53)
3417 : (23,-52)
1859 : (23,-51)
2830 : (23,-50)
628 : (23,-49)
573 : (23,-48)
3844 : (23,-47)
2415 : (23,-46)
2850 : (23,-45)
3882 : (23,-44)
3059 : (23,-43)
169 : (23,-42)
3545 : (23,-41)
360 : (23,-40)
1327 : (23,-39)
2632 : (23,-38)
2833 : (23,-37)
2936 : (23,-36)
2367 : (23,-35)
275 : (23,-34)
765 : (23,-33)
668 : (23,-32)
1193 : (23,-31)
2387 : (23,-30)
487 : (23,-29)
2940 : (23,-28)
1589 : (23,-27)
2873 : (23,-26)
0 : (23,-25)
742 : (23,-24)
1227 : (23,-23)
1113 : (23,-22)
2112 : (23,-21)
3186 : (23,-20)
2640 : (23,-19)
3345 : (23,-18)
2900 : (23,-17)
1500 : (23,-16)
89 : (23,-15)
3140 : (23,-14)
3465 : (23,-13)
3917 : (23,-12)
3961 : (23,-11)
809 : (23,-10)
282 : (23,-9)
3938 : (23,-8)
1704 : (23,-7)
784 : (23,-6)
3307 : (23,-5)
3236 : (23,-4)
2072 : (23,-3)
2861 : (23,-2)
3816 : (23,-1)
3376 : (23,0)
956 : (24,0)
1023 : (24,-1)
2347 : (24,-2)
2484 : (24,-3)
3318 : (24,-4)
2001 : (24,-5)
3209 : (24,-6)
1735 : (24,-7)
1411 : (24,-8)
3270 : (24,-9)
2183 : (24,-10)
2412 : (24,-11)
582 : (24,-12)
2633 : (24,-13)
1376 : (24,-14)
2007 : (24,-15)
97 : (24,-16)
652 : (24,-17)
3279 : (24,-18)
2456 : (24,-19)
3343 : (24,-20)
153 : (24,-21)
638 : (24,-22)
3301 : (24,-23)
30 : (24,-24)
1932 : (24,-25)
2409 : (24,-26)
192 : (24,-27)
3708 : (24,-28)
1012 : (24,-29)
3362 : (24,-30)
941 : (24,-31)
1179 : (24,-32)
1801 : (24,-33)
2945 : (24,-34)
3530 : (24,-35)
2115 : (24,-36)
949 : (24,-37)
2288 : (24,-38)
2383 : (24,-39)
1017 : (24,-40)
413 : (24,-41)
152 : (24,-42)
1694 : (24,-43)
1761 : (24,-44)
26 : (24,-45)
450 : (24,-46)
3841 : (24,-47)
1677 : (24,-48)
663 : (24,-49)
2127 : (24,-50)
3610 : (24,-51)
347 : (24,-52)
886 : (24,-53)
3862 : (24,-54)
2852 : (24,-55)
2706 : (24,-56)
1662 : (24,-57)
2892 : (24,-58)
1544 : (24,-59)
2937 : (24,-60)
3147 : (24,-61)
2301 : (24,-62)
3728 : (25,-62)
3678 : (25,-61)
147 : (25,-60)
2051 : (25,-59)
1304 : (25,-58)
2679 : (25,-57)
2666 : (25,-56)
1257 : (25,-55)
2212 : (25,-54)
3302 : (25,-53)
2564 : (25,-52)
1010 : (25,-51)
134 : (25,-50)
154 : (25,-49)
132 : (25,-48)
539 : (25,-47)
1418 : (25,-46)
263 : (25,-45)
309 : (25,-44)
3650 : (25,-43)
1117 : (25,-42)
2756 : (25,-41)
901 : (25,-40)
1070 : (25,-39)
3351 : (25,-38)
429 : (25,-37)
2261 : (25,-36)
1143 : (25,-35)
3228 : (25,-34)
204 : (25,-33)
3531 : (25,-32)
1195 : (25,-31)
535 : (25,-30)
2591 : (25,-29)
797 : (25,-28)
1071 : (25,-27)
907 : (25,-26)
2731 : (25,-25)
2053 : (25,-24)
3411 : (25,-23)
610 : (25,-22)
187 : (25,-21)
6 : (25,-20)
2712 : (25,-19)
1777 : (25,-18)
194 : (25,-17)
1343 : (25,-16)
3367 : (25,-15)
2788 : (25,-14)
239 : (25,-13)
1999 : (25,-12)
1107 : (25,-11)
1194 : (25,-10)
1668 : (25,-9)
3321 : (25,-8)
1962 : (25,-7)
466 : (25,-6)
2182 : (25,-5)
2887 : (25,-4)
3488 : (25,-3)
1505 : (25,-2)
741 : (25,-1)
3602 : (25,0)
1416 : (26,0)
2757 : (26,-1)
2590 : (26,-2)
1981 : (26,-3)
295 : (26,-4)
1065 : (26,-5)
1873 : (26,-6)
2289 : (26,-7)
2431 : (26,-8)
3381 : (26,-9)
1732 : (26,-10)
507 : (26,-11)
83 : (26,-12)
1898 : (26,-13)
2471 : (26,-14)
2345 : (26,-15)
2913 : (26,-16)
82 : (26,-17)
1173 : (26,-18)
2204 : (26,-19)
823 : (26,-20)
2745 : (26,-21)
3686 : (26,-22)
3215 : (26,-23)
1685 : (26,-24)
641 : (26,-25)
3409 : (26,-26)
3162 : (26,-27)
3788 : (26,-28)
2659 : (26,-29)
1266 : (26,-30)
1911 : (26,-31)
1076 : (26,-32)
1259 : (26,-33)
361 : (26,-34)
585 : (26,-35)
2705 : (26,-36)
99 : (26,-37)
2694 : (26,-38)
3922 : (26,-39)
2230 : (26,-40)
1396 : (26,-41)
3298 : (26,-42)
1392 : (26,-43)
3624 : (26,-44)
411 : (26,-45)
391 : (26,-46)
3320 : (26,-47)
3818 : (26,-48)
677 : (26,-49)
2606 : (26,-50)
111 : (26,-51)
1557 : (26,-52)
2414 : (26,-53)
2754 : (26,-54)
723 : (26,-55)
2009 : (26,-56)
2065 : (26,-57)
1014 : (26,-58)
2209 : (26,-59)
2841 : (26,-60)
2726 : (26,-61)
2332 : (26,-62)
3374 : (27,-62)
3206 : (27,-61)
2410 : (27,-60)
2030 : (27,-59)
596 : (27,-58)
2860 : (27,-57)
1706 : (27,-56)
3886 : (27,-55)
2042 : (27,-54)
18 : (27,-53)
3420 : (27,-52)
3799 : (27,-51)
2349 : (27,-50)
2313 : (27,-49)
1952 : (27,-48)
3893 : (27,-47)
3688 : (27,-46)
754 : (27,-45)
2543 : (27,-44)
2164 : (27,-43)
2375 : (27,-42)
393 : (27,-41)
3251 : (27,-40)
2758 : (27,-39)
168 : (27,-38)
3684 : (27,-37)
1295 : (27,-36)
706 : (27,-35)
3455 : (27,-34)
812 : (27,-33)
2790 : (27,-32)
2287 : (27,-31)
2971 : (27,-30)
2070 : (27,-29)
3284 : (27,-28)
3781 : (27,-27)
894 : (27,-26)
1242 : (27,-25)
3295 : (27,-24)
2233 : (27,-23)
576 : (27,-22)
2350 : (27,-21)
1554 : (27,-20)
3779 : (27,-19)
310 : (27,-18)
499 : (27,-17)
2381 : (27,-16)
224 : (27,-15)
2877 : (27,-14)
2089 : (27,-13)
1730 : (27,-12)
1933 : (27,-11)
2817 : (27,-10)
2277 : (27,-9)
458 : (27,-8)
661 : (27,-7)
1581 : (27,-6)
3785 : (27,-5)
3923 : (27,-4)
1444 : (27,-3)
3958 : (27,-2)
608 : (27,-1)
3091 : (27,0)
188 : (28,0)
330 : (28,-1)
791 : (28,-2)
3297 : (28,-3)
150 : (28,-4)
3263 : (28,-5)
1405 : (28,-6)
3072 : (28,-7)
1678 : (28,-8)
1903 : (28,-9)
2534 : (28,-10)
3536 : (28,-11)
3386 : (28,-12)
2040 : (28,-13)
3762 : (28,-14)
1486 : (28,-15)
3918 : (28,-16)
2831 : (28,-17)
580 : (28,-18)
3213 : (28,-19)
943 : (28,-20)
1536 : (28,-21)
1718 : (28,-22)
910 : (28,-23)
143 : (28,-24)
1970 : (28,-25)
1002 : (28,-26)
1659 : (28,-27)
2713 : (28,-28)
805 : (28,-29)
2947 : (28,-30)
814 : (28,-31)
2368 : (28,-32)
2440 : (28,-33)
743 : (28,-34)
1572 : (28,-35)
2989 : (28,-36)
1041 : (28,-37)
1267 : (28,-38)
3606 : (28,-39)
927 : (28,-40)
3349 : (28,-41)
837 : (28,-42)
2865 : (28,-43)
2390 : (28,-44)
1939 : (28,-45)
306 : (28,-46)
173 : (28,-47)
227 : (28,-48)
670 : (28,-49)
101 : (28,-50)
1833 : (28,-51)
443 : (28,-52)
2166 : (28,-53)
3673 : (28,-54)
3724 : (28,-55)
149 : (28,-56)
1501 : (28,-57)
976 : (28,-58)
1538 : (28,-59)
1477 : (28,-60)
255 : (28,-61)
819 : (28,-62)
1409 : (29,-62)
259 : (29,-61)
3520 : (29,-60)
137 : (29,-59)
1105 : (29,-58)
1839 : (29,-57)
3697 : (29,-56)
962 : (29,-55)
2437 : (29,-54)
520 : (29,-53)
1404 : (29,-52)
1992 : (29,-51)
1695 : (29,-50)
266 : (29,-49)
3518 : (29,-48)
3965 : (29,-47)
1922 : (29,-46)
942 : (29,-45)
1590 : (29,-44)
3316 : (29,-43)
3543 : (29,-42)
2923 : (29,-41)
1908 : (29,-40)
762 : (29,-39)
3485 : (29,-38)
52 : (29,-37)
456 : (29,-36)
114 : (29,-35)
1217 : (29,-34)
2285 : (29,-33)
2217 : (29,-32)
1255 : (29,-31)
967 : (29,-30)
2016 : (29,-29)
2227 : (29,-28)
3484 : (29,-27)
2853 : (29,-26)
835 : (29,-25)
810 : (29,-24)
2563 : (29,-23)
2478 : (29,-22)
3199 : (29,-21)
3049 : (29,-20)
3569 : (29,-19)
165 : (29,-18)
256 : (29,-17)
352 : (29,-16)
1068 : (29,-15)
3235 : (29,-14)
3896 : (29,-13)
3854 : (29,-12)
2819 : (29,-11)
351 : (29,-10)
3629 : (29,-9)
2765 : (29,-8)
2002 : (29,-7)
3588 : (29,-6)
761 : (29,-5)
1183 : (29,-4)
3771 : (29,-3)
2101 : (29,-2)
923 : (29,-1)
1629 : (29,0)
1216 : (30,0)
2322 : (30,-1)
2249 : (30,-2)
2670 : (30,-3)
1248 : (30,-4)
1032 : (30,-5)
561 : (30,-6)
3661 : (30,-7)
1579 : (30,-8)
3695 : (30,-9)
3632 : (30,-10)
3946 : (30,-11)
3407 : (30,-12)
2876 : (30,-13)
2239 : (30,-14)
859 : (30,-15)
1240 : (30,-16)
448 : (30,-17)
1605 : (30,-18)
3906 : (30,-19)
833 : (30,-20)
3348 : (30,-21)
2269 : (30,-22)
2849 : (30,-23)
2794 : (30,-24)
1640 : (30,-25)
1614 : (30,-26)
832 : (30,-27)
3158 : (30,-28)
2728 : (30,-29)
802 : (30,-30)
3760 : (30,-31)
550 : (30,-32)
232 : (30,-33)
2407 : (30,-34)
102 : (30,-35)
3292 : (30,-36)
2839 : (30,-37)
2875 : (30,-38)
2546 : (30,-39)
2998 : (30,-40)
2677 : (30,-41)
1232 : (30,-42)
2452 : (30,-43)
3004 : (30,-44)
3338 : (30,-45)
2710 : (30,-46)
43 : (30,-47)
254 : (30,-48)
795 : (30,-49)
249 : (30,-50)
370 : (30,-51)
3352 : (30,-52)
1124 : (30,-53)
1000 : (30,-54)
2956 : (30,-55)
3064 : (30,-56)
3860 : (30,-57)
2465 : (30,-58)
1109 : (30,-59)
3903 : (30,-60)
2644 : (30,-61)
2275 : (30,-62)
3039 : (31,-62)
1234 : (31,-61)
2300 : (31,-60)
3475 : (31,-59)
2963 : (31,-58)
2811 : (31,-57)
518 : (31,-56)
3141 : (31,-55)
1123 : (31,-54)
627 : (31,-53)
877 : (31,-52)
1924 : (31,-51)
3093 : (31,-50)
2581 : (31,-49)
3101 : (31,-48)
40 : (31,-47)
403 : (31,-46)
3710 : (31,-45)
3092 : (31,-44)
1391 : (31,-43)
484 : (31,-42)
2100 : (31,-41)
3672 : (31,-40)
763 : (31,-39)
436 : (31,-38)
3266 : (31,-37)
3567 : (31,-36)
3264 : (31,-35)
1352 : (31,-34)
1288 : (31,-33)
2405 : (31,-32)
2131 : (31,-31)
2033 : (31,-30)
3472 : (31,-29)
2425 : (31,-28)
1210 : (31,-27)
2687 : (31,-26)
869 : (31,-25)
3394 : (31,-24)
2658 : (31,-23)
2978 : (31,-22)
1061 : (31,-21)
3068 : (31,-20)
3607 : (31,-19)
2252 : (31,-18)
3836 : (31,-17)
2005 : (31,-16)
3521 : (31,-15)
490 : (31,-14)
3096 : (31,-13)
3618 : (31,-12)
2893 : (31,-11)
1406 : (31,-10)
1727 : (31,-9)
616 : (31,-8)
2768 : (31,-7)
2126 : (31,-6)
2 : (31,-5)
2178 : (31,-4)
1390 : (31,-3)
3503 : (31,-2)
2812 : (31,-1)
1013 : (31,0)
2397 : (32,0)
465 : (32,-1)
1238 : (32,-2)
1106 : (32,-3)
1767 : (32,-4)
3555 : (32,-5)
3943 : (32,-6)
2036 : (32,-7)
636 : (32,-8)
2635 : (32,-9)
988 : (32,-10)
728 : (32,-11)
2430 : (32,-12)
1430 : (32,-13)
1043 : (32,-14)
634 : (32,-15)
2517 : (32,-16)
3342 : (32,-17)
872 : (32,-18)
2304 : (32,-19)
818 : (32,-20)
1086 : (32,-21)
1269 : (32,-22)
926 : (32,-23)
1276 : (32,-24)
1233 : (32,-25)
1499 : (32,-26)
2068 : (32,-27)
3912 : (32,-28)
1298 : (32,-29)
1807 : (32,-30)
2135 : (32,-31)
2911 : (32,-32)
3837 : (32,-33)
3357 : (32,-34)
3929 : (32,-35)
1630 : (32,-36)
395 : (32,-37)
1417 : (32,-38)
418 : (32,-39)
2872 : (32,-40)
1380 : (32,-41)
1261 : (32,-42)
1382 : (32,-43)
2905 : (32,-44)
1985 : (32,-45)
470 : (32,-46)
2641 : (32,-47)
1973 : (32,-48)
808 : (32,-49)
1943 : (32,-50)
1118 : (32,-51)
3288 : (32,-52)
605 : (32,-53)
2854 : (32,-54)
3608 : (32,-55)
2566 : (32,-56)
3744 : (32,-57)
1315 : (32,-58)
3599 : (32,-59)
2737 : (32,-60)
2360 : (32,-61)
2014 : (32,-62)
3038 : (33,-62)
1526 : (33,-61)
3754 : (33,-60)
3042 : (33,-59)
565 : (33,-58)
3121 : (33,-57)
2216 : (33,-56)
3071 : (33,-55)
177 : (33,-54)
3401 : (33,-53)
3819 : (33,-52)
1800 : (33,-51)
3024 : (33,-50)
622 : (33,-49)
236 : (33,-48)
2134 : (33,-47)
460 : (33,-46)
1575 : (33,-45)
1712 : (33,-44)
84 : (33,-43)
1357 : (33,-42)
3183 : (33,-41)
3212 : (33,-40)
2113 : (33,-39)
2695 : (33,-38)
3283 : (33,-37)
3701 : (33,-36)
3821 : (33,-35)
3051 : (33,-34)
214 : (33,-33)
476 : (33,-32)
3372 : (33,-31)
3271 : (33,-30)
840 : (33,-29)
2136 : (33,-28)
932 : (33,-27)
773 : (33,-26)
841 : (33,-25)
427 : (33,-24)
2338 : (33,-23)
2582 : (33,-22)
197 : (33,-21)
1074 : (33,-20)
939 : (33,-19)
3239 : (33,-18)
96 : (33,-17)
9 : (33,-16)
2597 : (33,-15)
3764 : (33,-14)
2599 : (33,-13)
570 : (33,-12)
1454 : (33,-11)
3084 : (33,-10)
3765 : (33,-9)
2056 : (33,-8)
3303 : (33,-7)
3967 : (33,-6)
3933 : (33,-5)
1747 : (33,-4)
1529 : (33,-3)
3025 : (33,-2)
1549 : (33,-1)
2503 : (33,0)
1078 : (34,0)
2124 : (34,-1)
821 : (34,-2)
3459 : (34,-3)
3533 : (34,-4)
2074 : (34,-5)
1021 : (34,-6)
3698 : (34,-7)
3194 : (34,-8)
2899 : (34,-9)
952 : (34,-10)
2262 : (34,-11)
708 : (34,-12)
1948 : (34,-13)
1857 : (34,-14)
2934 : (34,-15)
1756 : (34,-16)
2203 : (34,-17)
2339 : (34,-18)
1130 : (34,-19)
3478 : (34,-20)
390 : (34,-21)
3746 : (34,-22)
1949 : (34,-23)
2851 : (34,-24)
1313 : (34,-25)
2027 : (34,-26)
1515 : (34,-27)
3483 : (34,-28)
604 : (34,-29)
1487 : (34,-30)
217 : (34,-31)
2746 : (34,-32)
1577 : (34,-33)
3908 : (34,-34)
1154 : (34,-35)
1337 : (34,-36)
3787 : (34,-37)
2938 : (34,-38)
2149 : (34,-39)
1016 : (34,-40)
3739 : (34,-41)
822 : (34,-42)
844 : (34,-43)
792 : (34,-44)
1753 : (34,-45)
1175 : (34,-46)
1720 : (34,-47)
57 : (34,-48)
2676 : (34,-49)
326 : (34,-50)
1135 : (34,-51)
2468 : (34,-52)
1226 : (34,-53)
2580 : (34,-54)
3282 : (34,-55)
695 : (34,-56)
2827 : (34,-57)
557 : (34,-58)
290 : (34,-59)
212 : (34,-60)
830 : (34,-61)
1805 : (34,-62)
813 : (35,-62)
1385 : (35,-61)
2024 : (35,-60)
2023 : (35,-59)
1057 : (35,-58)
1699 : (35,-57)
659 : (35,-56)
415 : (35,-55)
3659 : (35,-54)
2941 : (35,-53)
1551 : (35,-52)
1519 : (35,-51)
3252 : (35,-50)
2382 : (35,-49)
887 : (35,-48)
1166 : (35,-47)
2475 : (35,-46)
1799 : (35,-45)
482 : (35,-44)
1087 : (35,-43)
253 : (35,-42)
3398 : (35,-41)
208 : (35,-40)
3962 : (35,-39)
1283 : (35,-38)
2161 : (35,-37)
3210 : (35,-36)
650 : (35,-35)
1628 : (35,-34)
645 : (35,-33)
397 : (35,-32)
3646 : (35,-31)
378 : (35,-30)
1634 : (35,-29)
3133 : (35,-28)
1465 : (35,-27)
3255 : (35,-26)
1794 : (35,-25)
1122 : (35,-24)
2214 : (35,-23)
586 : (35,-22)
583 : (35,-21)
288 : (35,-20)
790 : (35,-19)
729 : (35,-18)
3622 : (35,-17)
90 : (35,-16)
3813 : (35,-15)
1530 : (35,-14)
2156 : (35,-13)
469 : (35,-12)
3565 : (35,-11)
2278 : (35,-10)
146 : (35,-9)
3812 : (35,-8)
678 : (35,-7)
3089 : (35,-6)
2995 : (35,-5)
2525 : (35,-4)
748 : (35,-3)
1300 : (35,-2)
446 : (35,-1)
1040 : (35,0)
2598 : (36,0)
2106 : (36,-1)
110 : (36,-2)
2866 : (36,-3)
811 : (36,-4)
2078 : (36,-5)
2198 : (36,-6)
1402 : (36,-7)
3784 : (36,-8)
3189 : (36,-9)
3442 : (36,-10)
3662 : (36,-11)
2774 : (36,-12)
3716 : (36,-13)
355 : (36,-14)
2886 : (36,-15)
2037 : (36,-16)
1545 : (36,-17)
2487 : (36,-18)
2927 : (36,-19)
960 : (36,-20)
3157 : (36,-21)
2943 : (36,-22)
1397 : (36,-23)
377 : (36,-24)
3424 : (36,-25)
3775 : (36,-26)
2646 : (36,-27)
1897 : (36,-28)
2058 : (36,-29)
1165 : (36,-30)
3148 : (36,-31)
2189 : (36,-32)
455 : (36,-33)
3095 : (36,-34)
2292 : (36,-35)
3248 : (36,-36)
3919 : (36,-37)
1655 : (36,-38)
1637 : (36,-39)
3486 : (36,-40)
354 : (36,-41)
1957 : (36,-42)
2686 : (36,-43)
235 : (36,-44)
2474 : (36,-45)
1817 : (36,-46)
2526 : (36,-47)
2548 : (36,-48)
554 : (36,-49)
303 : (36,-50)
3926 : (36,-51)
79 : (36,-52)
2799 : (36,-53)
2385 : (36,-54)
2331 : (36,-55)
1657 : (36,-56)
3176 : (36,-57)
3399 : (36,-58)
1995 : (36,-59)
1929 : (36,-60)
1607 : (36,-61)
903 : (36,-62)
2691 : (37,-62)
2824 : (37,-61)
2359 : (37,-60)
1959 : (37,-59)
2025 : (37,-58)
3329 : (37,-57)
3944 : (37,-56)
970 : (37,-55)
1373 : (37,-54)
2565 : (37,-53)
1516 : (37,-52)
3839 : (37,-51)
3177 : (37,-50)
1413 : (37,-49)
647 : (37,-48)
203 : (37,-47)
5 : (37,-46)
497 : (37,-45)
2638 : (37,-44)
1808 : (37,-43)
1400 : (37,-42)
3143 : (37,-41)
2752 : (37,-40)
1848 : (37,-39)
1902 : (37,-38)
2609 : (37,-37)
1290 : (37,-36)
1602 : (37,-35)
558 : (37,-34)
2925 : (37,-33)
827 : (37,-32)
656 : (37,-31)
2243 : (37,-30)
1177 : (37,-29)
1496 : (37,-28)
1693 : (37,-27)
3205 : (37,-26)
2614 : (37,-25)
404 : (37,-24)
759 : (37,-23)
2842 : (37,-22)
1363 : (37,-21)
3522 : (37,-20)
1104 : (37,-19)
1213 : (37,-18)
3016 : (37,-17)
1067 : (37,-16)
1601 : (37,-15)
2049 : (37,-14)
3625 : (37,-13)
2750 : (37,-12)
399 : (37,-11)
1967 : (37,-10)
1064 : (37,-9)
145 : (37,-8)
3269 : (37,-7)
914 : (37,-6)
1593 : (37,-5)
1511 : (37,-4)
2020 : (37,-3)
3778 : (37,-2)
1724 : (37,-1)
3795 : (37,0)
1937 : (38,0)
614 : (38,-1)
3504 : (38,-2)
3029 : (38,-3)
1738 : (38,-4)
3451 : (38,-5)
1976 : (38,-6)
142 : (38,-7)
267 : (38,-8)
3368 : (38,-9)
73 : (38,-10)
2470 : (38,-11)
1871 : (38,-12)
2879 : (38,-13)
1022 : (38,-14)
63 : (38,-15)
1742 : (38,-16)
3390 : (38,-17)
220 : (38,-18)
3523 : (38,-19)
2587 : (38,-20)
3373 : (38,-21)
3663 : (38,-22)
3729 : (38,-23)
3333 : (38,-24)
2343 : (38,-25)
51 : (38,-26)
593 : (38,-27)
856 : (38,-28)
3120 : (38,-29)
2059 : (38,-30)
1451 : (38,-31)
884 : (38,-32)
2281 : (38,-33)
1810 : (38,-34)
738 : (38,-35)
1493 : (38,-36)
3385 : (38,-37)
711 : (38,-38)
1754 : (38,-39)
340 : (38,-40)
1260 : (38,-41)
3966 : (38,-42)
2596 : (38,-43)
3378 : (38,-44)
1096 : (38,-45)
1580 : (38,-46)
632 : (38,-47)
2328 : (38,-48)
739 : (38,-49)
2086 : (38,-50)
2141 : (38,-51)
2504 : (38,-52)
2505 : (38,-53)
2122 : (38,-54)
2589 : (38,-55)
298 : (38,-56)
1856 : (38,-57)
2907 : (38,-58)
61 : (38,-59)
3750 : (38,-60)
39 : (38,-61)
3090 : (38,-62)
2882 : (39,-62)
1991 : (39,-61)
1059 : (39,-60)
1355 : (39,-59)
1317 : (39,-58)
1587 : (39,-57)
1503 : (39,-56)
1989 : (39,-55)
3773 : (39,-54)
2418 : (39,-53)
1812 : (39,-52)
3443 : (39,-51)
3116 : (39,-50)
2238 : (39,-49)
2720 : (39,-48)
1816 : (39,-47)
911 : (39,-46)
3883 : (39,-45)
410 : (39,-44)
2967 : (39,-43)
3500 : (39,-42)
2867 : (39,-41)
2844 : (39,-40)
2753 : (39,-39)
3237 : (39,-38)
2453 : (39,-37)
3128 : (39,-36)
457 : (39,-35)
3925 : (39,-34)
3594 : (39,-33)
836 : (39,-32)
462 : (39,-31)
1663 : (39,-30)
3111 : (39,-29)
2497 : (39,-28)
3869 : (39,-27)
3525 : (39,-26)
209 : (39,-25)
131 : (39,-24)
3221 : (39,-23)
3325 : (39,-22)
2450 : (39,-21)
1955 : (39,-20)
3705 : (39,-19)
77 : (39,-18)
3180 : (39,-17)
3643 : (39,-16)
2055 : (39,-15)
3776 : (39,-14)
1789 : (39,-13)
3218 : (39,-12)
2966 : (39,-11)
1344 : (39,-10)
879 : (39,-9)
2870 : (39,-8)
3138 : (39,-7)
1749 : (39,-6)
287 : (39,-5)
691 : (39,-4)
1836 : (39,-3)
542 : (39,-2)
3653 : (39,-1)
138 : (39,0)
3207 : (40,0)
1305 : (40,-1)
3709 : (40,-2)
704 : (40,-3)
2372 : (40,-4)
1550 : (40,-5)
2506 : (40,-6)
3127 : (40,-7)
3902 : (40,-8)
3725 : (40,-9)
1168 : (40,-10)
1318 : (40,-11)
666 : (40,-12)
1796 : (40,-13)
2787 : (40,-14)
2366 : (40,-15)
1436 : (40,-16)
3291 : (40,-17)
2422 : (40,-18)
398 : (40,-19)
2858 : (40,-20)
1667 : (40,-21)
414 : (40,-22)
1458 : (40,-23)
1993 : (40,-24)
2416 : (40,-25)
921 : (40,-26)
25 : (40,-27)
3592 : (40,-28)
3062 : (40,-29)
3692 : (40,-30)
725 : (40,-31)
571 : (40,-32)
1207 : (40,-33)
1407 : (40,-34)
1150 : (40,-35)
3823 : (40,-36)
120 : (40,-37)
553 : (40,-38)
2157 : (40,-39)
1895 : (40,-40)
780 : (40,-41)
1274 : (40,-42)
3872 : (40,-43)
3623 : (40,-44)
2588 : (40,-45)
3892 : (40,-46)
2496 : (40,-47)
2796 : (40,-48)
3467 : (40,-49)
3664 : (40,-50)
3153 : (40,-51)
3681 : (40,-52)
491 : (40,-53)
3036 : (40,-54)
1786 : (40,-55)
2512 : (40,-56)
3014 : (40,-57)
3948 : (40,-58)
2533 : (40,-59)
425 : (40,-60)
1522 : (40,-61)
772 : (40,-62)
1092 : (41,-62)
1741 : (41,-61)
246 : (41,-60)
3449 : (41,-59)
2643 : (41,-58)
2997 : (41,-57)
1853 : (41,-56)
2167 : (41,-55)
1091 : (41,-54)
1696 : (41,-53)
1440 : (41,-52)
2451 : (41,-51)
317 : (41,-50)
2579 : (41,-49)
854 : (41,-48)
2722 : (41,-47)
1653 : (41,-46)
3550 : (41,-45)
2683 : (41,-44)
2991 : (41,-43)
3392 : (41,-42)
3150 : (41,-41)
1766 : (41,-40)
2814 : (41,-39)
2538 : (41,-38)
3590 : (41,-37)
3871 : (41,-36)
1842 : (41,-35)
1489 : (41,-34)
373 : (41,-33)
756 : (41,-32)
1625 : (41,-31)
3193 : (41,-30)
603 : (41,-29)
449 : (41,-28)
2067 : (41,-27)
1689 : (41,-26)
2592 : (41,-25)
1690 : (41,-24)
1111 : (41,-23)
1379 : (41,-22)
2544 : (41,-21)
2739 : (41,-20)
3341 : (41,-19)
3874 : (41,-18)
2894 : (41,-17)
889 : (41,-16)
2847 : (41,-15)
1141 : (41,-14)
1222 : (41,-13)
2784 : (41,-12)
1247 : (41,-11)
807 : (41,-10)
1394 : (41,-9)
971 : (41,-8)
2843 : (41,-7)
774 : (41,-6)
3931 : (41,-5)
1714 : (41,-4)
1037 : (41,-3)
1442 : (41,-2)
3605 : (41,-1)
1103 : (41,0)
486 : (42,0)
744 : (42,-1)
1230 : (42,-2)
3654 : (42,-3)
1136 : (42,-4)
2154 : (42,-5)
127 : (42,-6)
2388 : (42,-7)
3639 : (42,-8)
845 : (42,-9)
1401 : (42,-10)
1410 : (42,-11)
1345 : (42,-12)
2082 : (42,-13)
1299 : (42,-14)
2015 : (42,-15)
2919 : (42,-16)
489 : (42,-17)
136 : (42,-18)
753 : (42,-19)
1102 : (42,-20)
777 : (42,-21)
2150 : (42,-22)
170 : (42,-23)
1425 : (42,-24)
1151 : (42,-25)
100 : (42,-26)
1368 : (42,-27)
1980 : (42,-28)
3174 : (42,-29)
2762 : (42,-30)
3371 : (42,-31)
1498 : (42,-32)
2272 : (42,-33)
1341 : (42,-34)
2121 : (42,-35)
2060 : (42,-36)
860 : (42,-37)
3311 : (42,-38)
336 : (42,-39)
1205 : (42,-40)
3894 : (42,-41)
1060 : (42,-42)
3350 : (42,-43)
651 : (42,-44)
181 : (42,-45)
151 : (42,-46)
2295 : (42,-47)
3146 : (42,-48)
3679 : (42,-49)
2615 : (42,-50)
1698 : (42,-51)
3477 : (42,-52)
617 : (42,-53)
955 : (42,-54)
1752 : (42,-55)
289 : (42,-56)
3169 : (42,-57)
3868 : (42,-58)
2736 : (42,-59)
1611 : (42,-60)
982 : (42,-61)
3314 : (42,-62)
1196 : (43,-62)
1740 : (43,-61)
2155 : (43,-60)
2185 : (43,-59)
3487 : (43,-58)
91 : (43,-57)
3160 : (43,-56)
1112 : (43,-55)
3006 : (43,-54)
3748 : (43,-53)
2628 : (43,-52)
231 : (43,-51)
579 : (43,-50)
3514 : (43,-49)
2516 : (43,-48)
1648 : (43,-47)
974 : (43,-46)
2603 : (43,-45)
106 : (43,-44)
1660 : (43,-43)
1338 : (43,-42)
798 : (43,-41)
3840 : (43,-40)
3471 : (43,-39)
27 : (43,-38)
3272 : (43,-37)
555 : (43,-36)
1610 : (43,-35)
1272 : (43,-34)
2495 : (43,-33)
1180 : (43,-32)
437 : (43,-31)
3406 : (43,-30)
42 : (43,-29)
1616 : (43,-28)
1860 : (43,-27)
653 : (43,-26)
1277 : (43,-25)
3105 : (43,-24)
88 : (43,-23)
562 : (43,-22)
78 : (43,-21)
993 : (43,-20)
1427 : (43,-19)
1736 : (43,-18)
2250 : (43,-17)
341 : (43,-16)
2357 : (43,-15)
1604 : (43,-14)
501 : (43,-13)
1152 : (43,-12)
1286 : (43,-11)
3069 : (43,-10)
3719 : (43,-9)
3777 : (43,-8)
2045 : (43,-7)
1855 : (43,-6)
348 : (43,-5)
3713 : (43,-4)
210 : (43,-3)
1782 : (43,-2)
1792 : (43,-1)
2476 : (43,0)
1441 : (44,0)
3805 : (44,-1)
933 : (44,-2)
1164 : (44,-3)
3426 : (44,-4)
2158 : (44,-5)
2684 : (44,-6)
71 : (44,-7)
67 : (44,-8)
2210 : (44,-9)
376 : (44,-10)
2567 : (44,-11)
3939 : (44,-12)
581 : (44,-13)
1745 : (44,-14)
1595 : (44,-15)
1849 : (44,-16)
2508 : (44,-17)
2423 : (44,-18)
3299 : (44,-19)
1479 : (44,-20)
2838 : (44,-21)
598 : (44,-22)
2771 : (44,-23)
463 : (44,-24)
1027 : (44,-25)
2930 : (44,-26)
386 : (44,-27)
3010 : (44,-28)
2529 : (44,-29)
3866 : (44,-30)
1960 : (44,-31)
3087 : (44,-32)
3727 : (44,-33)
674 : (44,-34)
2578 : (44,-35)
2948 : (44,-36)
3066 : (44,-37)
121 : (44,-38)
951 : (44,-39)
2000 : (44,-40)
1915 : (44,-41)
2099 : (44,-42)
843 : (44,-43)
338 : (44,-44)
1243 : (44,-45)
1527 : (44,-46)
2837 : (44,-47)
1054 : (44,-48)
3829 : (44,-49)
3337 : (44,-50)
2672 : (44,-51)
481 : (44,-52)
1324 : (44,-53)
2661 : (44,-54)
251 : (44,-55)
528 : (44,-56)
2869 : (44,-57)
2361 : (44,-58)
3456 : (44,-59)
3415 : (44,-60)
3881 : (44,-61)
2675 : (44,-62)
1863 : (45,-62)
1553 : (45,-61)
3772 : (45,-60)
45 : (45,-59)
2480 : (45,-58)
1869 : (45,-57)
3125 : (45,-56)
564 : (45,-55)
301 : (45,-54)
906 : (45,-53)
56 : (45,-52)
1381 : (45,-51)
2069 : (45,-50)
3930 : (45,-49)
1108 : (45,-48)
2032 : (45,-47)
1466 : (45,-46)
2949 : (45,-45)
2549 : (45,-44)
2992 : (45,-43)
279 : (45,-42)
3107 : (45,-41)
3850 : (45,-40)
2957 : (45,-39)
685 : (45,-38)
2153 : (45,-37)
118 : (45,-36)
1776 : (45,-35)
10 : (45,-34)
2826 : (45,-33)
1072 : (45,-32)
58 : (45,-31)
440 : (45,-30)
1578 : (45,-29)
205 : (45,-28)
1778 : (45,-27)
1854 : (45,-26)
3460 : (45,-25)
527 : (45,-24)
1502 : (45,-23)
115 : (45,-22)
1725 : (45,-21)
155 : (45,-20)
1268 : (45,-19)
2444 : (45,-18)
276 : (45,-17)
1292 : (45,-16)
3959 : (45,-15)
1670 : (45,-14)
578 : (45,-13)
549 : (45,-12)
2648 : (45,-11)
3512 : (45,-10)
2318 : (45,-9)
302 : (45,-8)
2727 : (45,-7)
980 : (45,-6)
2740 : (45,-5)
1333 : (45,-4)
2195 : (45,-3)
1830 : (45,-2)
2926 : (45,-1)
1497 : (45,0)
1099 : (46,0)
3404 : (46,-1)
1262 : (46,-2)
3100 : (46,-3)
658 : (46,-4)
1941 : (46,-5)
3870 : (46,-6)
775 : (46,-7)
3666 : (46,-8)
1323 : (46,-9)
2980 : (46,-10)
657 : (46,-11)
3181 : (46,-12)
3658 : (46,-13)
1586 : (46,-14)
3921 : (46,-15)
3763 : (46,-16)
1142 : (46,-17)
750 : (46,-18)
2789 : (46,-19)
2700 : (46,-20)
547 : (46,-21)
794 : (46,-22)
3665 : (46,-23)
3704 : (46,-24)
2552 : (46,-25)
2674 : (46,-26)
3080 : (46,-27)
2499 : (46,-28)
3124 : (46,-29)
591 : (46,-30)
2110 : (46,-31)
629 : (46,-32)
2575 : (46,-33)
3825 : (46,-34)
1733 : (46,-35)
2201 : (46,-36)
2738 : (46,-37)
3110 : (46,-38)
3113 : (46,-39)
3286 : (46,-40)
3223 : (46,-41)
2821 : (46,-42)
70 : (46,-43)
1191 : (46,-44)
1399 : (46,-45)
2914 : (46,-46)
193 : (46,-47)
366 : (46,-48)
273 : (46,-49)
3380 : (46,-50)
36 : (46,-51)
3294 : (46,-52)
41 : (46,-53)
937 : (46,-54)
589 : (46,-55)
1722 : (46,-56)
464 : (46,-57)
789 : (46,-58)
1215 : (46,-59)
394 : (46,-60)
3211 : (46,-61)
2492 : (46,-62)
529 : (47,-62)
673 : (47,-61)
1370 : (47,-60)
612 : (47,-59)
3493 : (47,-58)
2162 : (47,-57)
3723 : (47,-56)
631 : (47,-55)
2276 : (47,-54)
2822 : (47,-53)
768 : (47,-52)
3393 : (47,-51)
3208 : (47,-50)
1894 : (47,-49)
3119 : (47,-48)
345 : (47,-47)
2296 : (47,-46)
1584 : (47,-45)
1963 : (47,-44)
1627 : (47,-43)
3287 : (47,-42)
3509 : (47,-41)
1048 : (47,-40)
838 : (47,-39)
3895 : (47,-38)
1198 : (47,-37)
2455 : (47,-36)
2197 : (47,-35)
1802 : (47,-34)
3564 : (47,-33)
428 : (47,-32)
619 : (47,-31)
3516 : (47,-30)
3887 : (47,-29)
2188 : (47,-28)
1036 : (47,-27)
523 : (47,-26)
2081 : (47,-25)
1053 : (47,-24)
1883 : (47,-23)
2018 : (47,-22)
3633 : (47,-21)
238 : (47,-20)
2584 : (47,-19)
432 : (47,-18)
3445 : (47,-17)
3463 : (47,-16)
1958 : (47,-15)
1573 : (47,-14)
3231 : (47,-13)
3462 : (47,-12)
3065 : (47,-11)
3741 : (47,-10)
319 : (47,-9)
2969 : (47,-8)
2846 : (47,-7)
1279 : (47,-6)
2620 : (47,-5)
994 : (47,-4)
179 : (47,-3)
963 : (47,-2)
1819 : (47,-1)
1888 : (47,0)
3619 : (48,0)
2537 : (48,-1)
1063 : (48,-2)
2429 : (48,-3)
424 : (48,-4)
3202 : (48,-5)
880 : (48,-6)
975 : (48,-7)
3185 : (48,-8)
1203 : (48,-9)
1644 : (48,-10)
3899 : (48,-11)
973 : (48,-12)
3130 : (48,-13)
277 : (48,-14)
133 : (48,-15)
2637 : (48,-16)
285 : (48,-17)
2944 : (48,-18)
1956 : (48,-19)
2669 : (48,-20)
1757 : (48,-21)
3163 : (48,-22)
1639 : (48,-23)
3154 : (48,-24)
592 : (48,-25)
3655 : (48,-26)
1280 : (48,-27)
3395 : (48,-28)
545 : (48,-29)
1760 : (48,-30)
2463 : (48,-31)
1159 : (48,-32)
3300 : (48,-33)
2485 : (48,-34)
3496 : (48,-35)
2251 : (48,-36)
1927 : (48,-37)
2184 : (48,-38)
268 : (48,-39)
1340 : (48,-40)
1872 : (48,-41)
2522 : (48,-42)
135 : (48,-43)
672 : (48,-44)
1666 : (48,-45)
353 : (48,-46)
510 : (48,-47)
2326 : (48,-48)
1565 : (48,-49)
103 : (48,-50)
690 : (48,-51)
2977 : (48,-52)
2772 : (48,-53)
344 : (48,-54)
3363 : (48,-55)
1007 : (48,-56)
1847 : (48,-57)
3030 : (48,-58)
3690 : (48,-59)
1495 : (48,-60)
331 : (48,-61)
1446 : (48,-62)
3365 : (49,-62)
3117 : (49,-61)
3481 : (49,-60)
3308 : (49,-59)
912 : (49,-58)
525 : (49,-57)
1185 : (49,-56)
3609 : (49,-55)
1674 : (49,-54)
3159 : (49,-53)
3511 : (49,-52)
3615 : (49,-51)
477 : (49,-50)
3815 : (49,-49)
2348 : (49,-48)
3012 : (49,-47)
3326 : (49,-46)
842 : (49,-45)
1797 : (49,-44)
3526 : (49,-43)
1568 : (49,-42)
2085 : (49,-41)
2560 : (49,-40)
667 : (49,-39)
697 : (49,-38)
3603 : (49,-37)
323 : (49,-36)
692 : (49,-35)
2653 : (49,-34)
2797 : (49,-33)
3450 : (49,-32)
141 : (49,-31)
3616 : (49,-30)
2777 : (49,-29)
2228 : (49,-28)
2170 : (49,-27)
3304 : (49,-26)
3696 : (49,-25)
1751 : (49,-24)
1594 : (49,-23)
920 : (49,-22)
1018 : (49,-21)
1387 : (49,-20)
1518 : (49,-19)
2458 : (49,-18)
416 : (49,-17)
3577 : (49,-16)
2498 : (49,-15)
2346 : (49,-14)
556 : (49,-13)
536 : (49,-12)
2692 : (49,-11)
3448 : (49,-10)
3388 : (49,-9)
329 : (49,-8)
3691 : (49,-7)
1263 : (49,-6)
2617 : (49,-5)
1504 : (49,-4)
94 : (49,-3)
3627 : (49,-2)
1025 : (49,-1)
343 : (49,0)
3519 : (50,0)
369 : (50,-1)
244 : (50,-2)
1734 : (50,-3)
1681 : (50,-4)
1945 : (50,-5)
3408 : (50,-6)
3323 : (50,-7)
189 : (50,-8)
2769 : (50,-9)
3144 : (50,-10)
1089 : (50,-11)
2829 : (50,-12)
1675 : (50,-13)
2551 : (50,-14)
3233 : (50,-15)
600 : (50,-16)
1744 : (50,-17)
87 : (50,-18)
2836 : (50,-19)
2730 : (50,-20)
1968 : (50,-21)
1153 : (50,-22)
3857 : (50,-23)
447 : (50,-24)
1539 : (50,-25)
1880 : (50,-26)
3335 : (50,-27)
3554 : (50,-28)
890 : (50,-29)
3722 : (50,-30)
3953 : (50,-31)
2624 : (50,-32)
831 : (50,-33)
3960 : (50,-34)
3734 : (50,-35)
48 : (50,-36)
1793 : (50,-37)
3431 : (50,-38)
1514 : (50,-39)
1335 : (50,-40)
2380 : (50,-41)
1046 : (50,-42)
278 : (50,-43)
1306 : (50,-44)
1476 : (50,-45)
2574 : (50,-46)
2685 : (50,-47)
2255 : (50,-48)
2062 : (50,-49)
3932 : (50,-50)
2132 : (50,-51)
2906 : (50,-52)
1731 : (50,-53)
2871 : (50,-54)
21 : (50,-55)
3561 : (50,-56)
2034 : (50,-57)
130 : (50,-58)
2604 : (50,-59)
2714 : (50,-60)
2840 : (50,-61)
2142 : (50,-62)
1711 : (51,-62)
3915 : (51,-61)
2469 : (51,-60)
1591 : (51,-59)
3391 : (51,-58)
1669 : (51,-57)
3222 : (51,-56)
320 : (51,-55)
2114 : (51,-54)
1651 : (51,-53)
12 : (51,-52)
2528 : (51,-51)
2432 : (51,-50)
3924 : (51,-49)
185 : (51,-48)
3053 : (51,-47)
620 : (51,-46)
3054 : (51,-45)
793 : (51,-44)
2109 : (51,-43)
2369 : (51,-42)
2172 : (51,-41)
3670 : (51,-40)
2631 : (51,-39)
3586 : (51,-38)
2173 : (51,-37)
2557 : (51,-36)
1762 : (51,-35)
1347 : (51,-34)
3768 : (51,-33)
531 : (51,-32)
1822 : (51,-31)
713 : (51,-30)
248 : (51,-29)
2863 : (51,-28)
862 : (51,-27)
2464 : (51,-26)
3083 : (51,-25)
1190 : (51,-24)
2146 : (51,-23)
271 : (51,-22)
1188 : (51,-21)
1750 : (51,-20)
475 : (51,-19)
781 : (51,-18)
2885 : (51,-17)
2208 : (51,-16)
917 : (51,-15)
1090 : (51,-14)
104 : (51,-13)
178 : (51,-12)
333 : (51,-11)
983 : (51,-10)
1524 : (51,-9)
1654 : (51,-8)
3164 : (51,-7)
2612 : (51,-6)
1728 : (51,-5)
1172 : (51,-4)
873 : (51,-3)
44 : (51,-2)
2324 : (51,-1)
1649 : (51,0)
2891 : (52,0)
3017 : (52,-1)
1925 : (52,-2)
312 : (52,-3)
1056 : (52,-4)
2743 : (52,-5)
1176 : (52,-6)
1433 : (52,-7)
3770 : (52,-8)
439 : (52,-9)
3761 : (52,-10)
426 : (52,-11)
1978 : (52,-12)
2929 : (52,-13)
80 : (52,-14)
3258 : (52,-15)
1214 : (52,-16)
977 : (52,-17)
3020 : (52,-18)
1950 : (52,-19)
1241 : (52,-20)
128 : (52,-21)
1206 : (52,-22)
1049 : (52,-23)
2776 : (52,-24)
716 : (52,-25)
1585 : (52,-26)
2130 : (52,-27)
865 : (52,-28)
1787 : (52,-29)
1889 : (52,-30)
2748 : (52,-31)
66 : (52,-32)
3086 : (52,-33)
3636 : (52,-34)
1389 : (52,-35)
1129 : (52,-36)
516 : (52,-37)
2174 : (52,-38)
745 : (52,-39)
2489 : (52,-40)
1095 : (52,-41)
1004 : (52,-42)
1328 : (52,-43)
524 : (52,-44)
3801 : (52,-45)
874 : (52,-46)
3745 : (52,-47)
1588 : (52,-48)
3173 : (52,-49)
1254 : (52,-50)
305 : (52,-51)
3490 : (52,-52)
3585 : (52,-53)
1331 : (52,-54)
3889 : (52,-55)
3597 : (52,-56)
2307 : (52,-57)
1422 : (52,-58)
1182 : (52,-59)
2445 : (52,-60)
2803 : (52,-61)
3736 : (52,-62)
3324 : (53,-62)
211 : (53,-61)
735 : (53,-60)
3347 : (53,-59)
3358 : (53,-58)
3797 : (53,-57)
54 : (53,-56)
1556 : (53,-55)
2490 : (53,-54)
2820 : (53,-53)
991 : (53,-52)
779 : (53,-51)
3920 : (53,-50)
2022 : (53,-49)
3858 : (53,-48)
3172 : (53,-47)
3529 : (53,-46)
2502 : (53,-45)
3916 : (53,-44)
3057 : (53,-43)
315 : (53,-42)
909 : (53,-41)
3800 : (53,-40)
847 : (53,-39)
3137 : (53,-38)
1570 : (53,-37)
1890 : (53,-36)
1075 : (53,-35)
2594 : (53,-34)
544 : (53,-33)
2613 : (53,-32)
521 : (53,-31)
1163 : (53,-30)
1174 : (53,-29)
2302 : (53,-28)
2362 : (53,-27)
311 : (53,-26)
2760 : (53,-25)
3680 : (53,-24)
3707 : (53,-23)
1547 : (53,-22)
2031 : (53,-21)
2187 : (53,-20)
431 : (53,-19)
1845 : (53,-18)
3468 : (53,-17)
2514 : (53,-16)
1910 : (53,-15)
3832 : (53,-14)
2202 : (53,-13)
3949 : (53,-12)
3515 : (53,-11)
1439 : (53,-10)
2280 : (53,-9)
3743 : (53,-8)
1448 : (53,-7)
640 : (53,-6)
3405 : (53,-5)
1028 : (53,-4)
1739 : (53,-3)
50 : (53,-2)
3667 : (53,-1)
2356 : (53,0)
2707 : (54,0)
2333 : (54,-1)
286 : (54,-2)
2116 : (54,-3)
3104 : (54,-4)
3714 : (54,-5)
2782 : (54,-6)
3379 : (54,-7)
124 : (54,-8)
924 : (54,-9)
1525 : (54,-10)
502 : (54,-11)
3007 : (54,-12)
1900 : (54,-13)
2446 : (54,-14)
1982 : (54,-15)
1913 : (54,-16)
2668 : (54,-17)
314 : (54,-18)
2427 : (54,-19)
1062 : (54,-20)
1646 : (54,-21)
3830 : (54,-22)
1346 : (54,-23)
595 : (54,-24)
3700 : (54,-25)
519 : (54,-26)
2246 : (54,-27)
3826 : (54,-28)
1597 : (54,-29)
1120 : (54,-30)
3711 : (54,-31)
2404 : (54,-32)
2044 : (54,-33)
1437 : (54,-34)
829 : (54,-35)
3243 : (54,-36)
3911 : (54,-37)
2218 : (54,-38)
3227 : (54,-39)
1339 : (54,-40)
2080 : (54,-41)
624 : (54,-42)
1546 : (54,-43)
2315 : (54,-44)
3782 : (54,-45)
2329 : (54,-46)
2308 : (54,-47)
2254 : (54,-48)
3037 : (54,-49)
1494 : (54,-50)
186 : (54,-51)
2472 : (54,-52)
2572 : (54,-53)
893 : (54,-54)
2097 : (54,-55)
3136 : (54,-56)
796 : (54,-57)
1020 : (54,-58)
989 : (54,-59)
3792 : (54,-60)
3808 : (54,-61)
2573 : (54,-62)
3427 : (55,-62)
849 : (55,-61)
3023 : (55,-60)
222 : (55,-59)
3878 : (55,-58)
981 : (55,-57)
3897 : (55,-56)
1438 : (55,-55)
2650 : (55,-54)
1702 : (55,-53)
2611 : (55,-52)
3293 : (55,-51)
1011 : (55,-50)
643 : (55,-49)
3200 : (55,-48)
3469 : (55,-47)
1838 : (55,-46)
1953 : (55,-45)
2583 : (55,-44)
3652 : (55,-43)
1827 : (55,-42)
654 : (55,-41)
1169 : (55,-40)
1478 : (55,-39)
2344 : (55,-38)
2399 : (55,-37)
3534 : (55,-36)
1083 : (55,-35)
3910 : (55,-34)
3281 : (55,-33)
3767 : (55,-32)
3927 : (55,-31)
3152 : (55,-30)
1652 : (55,-29)
2802 : (55,-28)
3571 : (55,-27)
3774 : (55,-26)
265 : (55,-25)
3184 : (55,-24)
389 : (55,-23)
1460 : (55,-22)
1914 : (55,-21)
281 : (55,-20)
1661 : (55,-19)
2915 : (55,-18)
372 : (55,-17)
2165 : (55,-16)
3508 : (55,-15)
2816 : (55,-14)
367 : (55,-13)
3648 : (55,-12)
3601 : (55,-11)
3855 : (55,-10)
602 : (55,-9)
1931 : (55,-8)
1055 : (55,-7)
3384 : (55,-6)
17 : (55,-5)
1047 : (55,-4)
3891 : (55,-3)
3576 : (55,-2)
2163 : (55,-1)
2323 : (55,0)
3856 : (56,0)
1879 : (56,-1)
171 : (56,-2)
1116 : (56,-3)
2976 : (56,-4)
1542 : (56,-5)
156 : (56,-6)
699 : (56,-7)
2531 : (56,-8)
1237 : (56,-9)
1457 : (56,-10)
2518 : (56,-11)
196 : (56,-12)
3003 : (56,-13)
732 : (56,-14)
3356 : (56,-15)
881 : (56,-16)
2901 : (56,-17)
2258 : (56,-18)
2237 : (56,-19)
2096 : (56,-20)
3370 : (56,-21)
606 : (56,-22)
676 : (56,-23)
2651 : (56,-24)
2955 : (56,-25)
1219 : (56,-26)
3375 : (56,-27)
3397 : (56,-28)
1462 : (56,-29)
2718 : (56,-30)
846 : (56,-31)
3340 : (56,-32)
1537 : (56,-33)
3660 : (56,-34)
3156 : (56,-35)
252 : (56,-36)
1882 : (56,-37)
1088 : (56,-38)
2699 : (56,-39)
392 : (56,-40)
1813 : (56,-41)
2213 : (56,-42)
3422 : (56,-43)
3798 : (56,-44)
2090 : (56,-45)
1156 : (56,-46)
755 : (56,-47)
2370 : (56,-48)
3755 : (56,-49)
492 : (56,-50)
1843 : (56,-51)
1552 : (56,-52)
1220 : (56,-53)
1828 : (56,-54)
1452 : (56,-55)
1899 : (56,-56)
2493 : (56,-57)
3129 : (56,-58)
2424 : (56,-59)
2883 : (56,-60)
1471 : (56,-61)
2569 : (56,-62)
3706 : (57,-62)
1384 : (57,-61)
2535 : (57,-60)
3644 : (57,-59)
1336 : (57,-58)
176 : (57,-57)
3429 : (57,-56)
3285 : (57,-55)
1708 : (57,-54)
1490 : (57,-53)
940 : (57,-52)
218 : (57,-51)
1128 : (57,-50)
712 : (57,-49)
2320 : (57,-48)
3491 : (57,-47)
1583 : (57,-46)
3676 : (57,-45)
1126 : (57,-44)
908 : (57,-43)
2541 : (57,-42)
379 : (57,-41)
2662 : (57,-40)
1934 : (57,-39)
644 : (57,-38)
7 : (57,-37)
3364 : (57,-36)
2627 : (57,-35)
2602 : (57,-34)
686 : (57,-33)
1940 : (57,-32)
3332 : (57,-31)
2139 : (57,-30)
3833 : (57,-29)
3383 : (57,-28)
3458 : (57,-27)
280 : (57,-26)
997 : (57,-25)
2457 : (57,-24)
892 : (57,-23)
861 : (57,-22)
747 : (57,-21)
1412 : (57,-20)
2231 : (57,-19)
3309 : (57,-18)
2800 : (57,-17)
1582 : (57,-16)
1512 : (57,-15)
3389 : (57,-14)
1353 : (57,-13)
228 : (57,-12)
2376 : (57,-11)
871 : (57,-10)
1209 : (57,-9)
1998 : (57,-8)
3074 : (57,-7)
1868 : (57,-6)
172 : (57,-5)
1506 : (57,-4)
3542 : (57,-3)
1050 : (57,-2)
2079 : (57,-1)
396 : (57,0)
471 : (58,0)
1688 : (58,-1)
190 : (58,-2)
2981 : (58,-3)
229 : (58,-4)
1824 : (58,-5)
1398 : (58,-6)
1713 : (58,-7)
2340 : (58,-8)
3535 : (58,-9)
1236 : (58,-10)
2759 : (58,-11)
2365 : (58,-12)
1658 : (58,-13)
567 : (58,-14)
2990 : (58,-15)
3689 : (58,-16)
635 : (58,-17)
517 : (58,-18)
1837 : (58,-19)
3013 : (58,-20)
2932 : (58,-21)
1896 : (58,-22)
1825 : (58,-23)
1314 : (58,-24)
2761 : (58,-25)
1453 : (58,-26)
3446 : (58,-27)
968 : (58,-28)
1608 : (58,-29)
1332 : (58,-30)
3703 : (58,-31)
49 : (58,-32)
384 : (58,-33)
1045 : (58,-34)
423 : (58,-35)
1700 : (58,-36)
2519 : (58,-37)
2305 : (58,-38)
1081 : (58,-39)
3898 : (58,-40)
1834 : (58,-41)
1140 : (58,-42)
2017 : (58,-43)
3166 : (58,-44)
3756 : (58,-45)
3494 : (58,-46)
2719 : (58,-47)
1360 : (58,-48)
896 : (58,-49)
349 : (58,-50)
1613 : (58,-51)
3296 : (58,-52)
3275 : (58,-53)
3884 : (58,-54)
3045 : (58,-55)
2979 : (58,-56)
140 : (58,-57)
3229 : (58,-58)
72 : (58,-59)
1533 : (58,-60)
85 : (58,-61)
2192 : (58,-62)
3403 : (59,-62)
1755 : (59,-61)
2128 : (59,-60)
1965 : (59,-59)
11 : (59,-58)
164 : (59,-57)
1029 : (59,-56)
1098 : (59,-55)
2524 : (59,-54)
3683 : (59,-53)
749 : (59,-52)
998 : (59,-51)
817 : (59,-50)
3693 : (59,-49)
599 : (59,-48)
1905 : (59,-47)
1635 : (59,-46)
1619 : (59,-45)
2571 : (59,-44)
307 : (59,-43)
3539 : (59,-42)
107 : (59,-41)
3253 : (59,-40)
1615 : (59,-39)
905 : (59,-38)
1264 : (59,-37)
2553 : (59,-36)
3167 : (59,-35)
3242 : (59,-34)
1560 : (59,-33)
2222 : (59,-32)
2147 : (59,-31)
3596 : (59,-30)
3635 : (59,-29)
335 : (59,-28)
2091 : (59,-27)
1311 : (59,-26)
848 : (59,-25)
3749 : (59,-24)
675 : (59,-23)
1270 : (59,-22)
3613 : (59,-21)
2282 : (59,-20)
730 : (59,-19)
1870 : (59,-18)
468 : (59,-17)
2791 : (59,-16)
1073 : (59,-15)
1189 : (59,-14)
3122 : (59,-13)
365 : (59,-12)
2242 : (59,-11)
316 : (59,-10)
694 : (59,-9)
2954 : (59,-8)
93 : (59,-7)
202 : (59,-6)
356 : (59,-5)
2054 : (59,-4)
2559 : (59,-3)
14 : (59,-2)
500 : (59,-1)
274 : (59,0)
786 : (60,0)
736 : (60,-1)
3947 : (60,-2)
2798 : (60,-3)
2294 : (60,-4)
2039 : (60,-5)
3783 : (60,-6)
2910 : (60,-7)
318 : (60,-8)
1372 : (60,-9)
444 : (60,-10)
999 : (60,-11)
364 : (60,-12)
2190 : (60,-13)
1208 : (60,-14)
2630 : (60,-15)
1942 : (60,-16)
3344 : (60,-17)
984 : (60,-18)
3817 : (60,-19)
2028 : (60,-20)
3598 : (60,-21)
642 : (60,-22)
2312 : (60,-23)
1864 : (60,-24)
1145 : (60,-25)
2267 : (60,-26)
2482 : (60,-27)
1202 : (60,-28)
2268 : (60,-29)
2248 : (60,-30)
1114 : (60,-31)
313 : (60,-32)
3245 : (60,-33)
3187 : (60,-34)
684 : (60,-35)
2607 : (60,-36)
1804 : (60,-37)
2105 : (60,-38)
2634 : (60,-39)
959 : (60,-40)
1125 : (60,-41)
148 : (60,-42)
1510 : (60,-43)
2094 : (60,-44)
1832 : (60,-45)
1148 : (60,-46)
3021 : (60,-47)
2735 : (60,-48)
1892 : (60,-49)
3 : (60,-50)
1997 : (60,-51)
1508 : (60,-52)
2226 : (60,-53)
1979 : (60,-54)
1975 : (60,-55)
2449 : (60,-56)
3328 : (60,-57)
2809 : (60,-58)
900 : (60,-59)
1308 : (60,-60)
2593 : (60,-61)
2703 : (60,-62)
2725 : (61,-62)
3852 : (61,-61)
1763 : (61,-60)
2933 : (61,-59)
2657 : (61,-58)
215 : (61,-57)
1891 : (61,-56)
3432 : (61,-55)
2035 : (61,-54)
3913 : (61,-53)
241 : (61,-52)
1139 : (61,-51)
126 : (61,-50)
435 : (61,-49)
488 : (61,-48)
1138 : (61,-47)
3453 : (61,-46)
2441 : (61,-45)
2806 : (61,-44)
1944 : (61,-43)
3796 : (61,-42)
560 : (61,-41)
3437 : (61,-40)
3452 : (61,-39)
1470 : (61,-38)
1564 : (61,-37)
3040 : (61,-36)
2092 : (61,-35)
1576 : (61,-34)
1464 : (61,-33)
1455 : (61,-32)
1617 : (61,-31)
2408 : (61,-30)
938 : (61,-29)
199 : (61,-28)
855 : (61,-27)
1683 : (61,-26)
3190 : (61,-25)
3885 : (61,-24)
3794 : (61,-23)
407 : (61,-22)
2778 : (61,-21)
2401 : (61,-20)
2402 : (61,-19)
339 : (61,-18)
1881 : (61,-17)
1633 : (61,-16)
3480 : (61,-15)
766 : (61,-14)
1030 : (61,-13)
3936 : (61,-12)
948 : (61,-11)
1566 : (61,-10)
451 : (61,-9)
2352 : (61,-8)
671 : (61,-7)
965 : (61,-6)
1132 : (61,-5)
2479 : (61,-4)
2438 : (61,-3)
503 : (61,-2)
3015 : (61,-1)
3126 : (61,0)
2334 : (62,0)
3809 : (62,-1)
2076 : (62,-2)
3355 : (62,-3)
2921 : (62,-4)
1200 : (62,-5)
453 : (62,-6)
3410 : (62,-7)
572 : (62,-8)
2066 : (62,-9)
3280 : (62,-10)
1326 : (62,-11)
2547 : (62,-12)
883 : (62,-13)
473 : (62,-14)
2013 : (62,-15)
2985 : (62,-16)
934 : (62,-17)
1664 : (62,-18)
3082 : (62,-19)
2052 : (62,-20)
2159 : (62,-21)
2527 : (62,-22)
2973 : (62,-23)
3031 : (62,-24)
3563 : (62,-25)
3581 : (62,-26)
1521 : (62,-27)
2654 : (62,-28)
1044 : (62,-29)
839 : (62,-30)
2656 : (62,-31)
1815 : (62,-32)
3556 : (62,-33)
2144 : (62,-34)
1650 : (62,-35)
3740 : (62,-36)
240 : (62,-37)
2290 : (62,-38)
1788 : (62,-39)
1716 : (62,-40)
3387 : (62,-41)
611 : (62,-42)
824 : (62,-43)
420 : (62,-44)
438 : (62,-45)
3951 : (62,-46)
3046 : (62,-47)
2733 : (62,-48)
2241 : (62,-49)
1679 : (62,-50)
969 : (62,-51)
609 : (62,-52)
3063 : (62,-53)
1840 : (62,-54)
3528 : (62,-55)
3168 : (62,-56)
2488 : (62,-57)
2970 : (62,-58)
1642 : (62,-59)
3118 : (62,-60)
2341 : (62,-61)
2120 : (62,-62)
